% # columns="iteration, evaluation, sigma, max axis length,  min axis length, all principle axes lengths  (sorted square roots of eigenvalues of C)", seed=912442, Tue Jul 14 20:44:01 2020
1 10 0.4544320208798217 1.0000437509570452 1.0 1.0 1.0000062500195313 1.0000125000781253 1.0000187501757822 1.0000250003125026 1.0000312504882864 1.0000375007031337 1.0000437509570452
2 20 0.3965257678611667 1.0693621885788982 0.9127813542250669 0.9127813542250669 0.9435477784655972 0.9809761378200892 0.9959935898472527 1.0031263414742553 1.0101937944374748 1.0218258993702973 1.0693621885788982
3 30 0.35500802082341487 1.0571221526578418 0.8704912191563814 0.8704912191563814 0.8897527573759788 0.9611025316368434 0.981707615277743 0.9971936664786585 1.0087446130034032 1.0228667202032113 1.0571221526578418
4 40 0.3378530017937716 1.0408826316177378 0.8038173294924842 0.8038173294924842 0.8765408064065928 0.9343663938591663 0.9734204119103009 0.9914601172822992 1.0150164294614796 1.0288930393905709 1.0408826316177378
5 50 0.32415636271907433 1.0450656978513557 0.7713545307652427 0.7713545307652427 0.8696940970622915 0.9302146645391632 0.965072045470187 0.9871550704760299 0.9989820543653705 1.0133725642328895 1.0450656978513557
6 60 0.33368654146215637 1.0234335860849688 0.7439466561495117 0.7439466561495117 0.8530868926786638 0.9110492573365762 0.9575543284832289 0.9709253347097957 0.9983484832437464 1.0136719018556382 1.0234335860849688
7 70 0.3458453970396889 1.095061007655235 0.7640692034917304 0.7640692034917304 0.828374969318142 0.8845580781225698 0.9266704434256 0.9417596776693892 0.9772147452846247 1.0156032025255448 1.095061007655235
8 80 0.3111809032306063 1.1286367939385302 0.7378155724215224 0.7378155724215224 0.8427885961060826 0.8702077358092785 0.9042990483985898 0.9149221569194218 0.9687883374268706 1.0377866743706494 1.1286367939385302
9 90 0.2914461442379642 1.1030008899642216 0.7155959282368526 0.7155959282368526 0.8198143329043849 0.8525415182016848 0.885030812744643 0.9159596969950933 0.970334714412172 1.055726682241763 1.1030008899642216
10 100 0.27322523061831727 1.0978204067416444 0.7002412121272382 0.7002412121272382 0.8077697576984321 0.8352168892367231 0.8722500203837487 0.8992895284314639 0.9642828963748715 1.0165175211818742 1.0978204067416444
11 110 0.28154725502655337 1.1284279853882657 0.6557632693399553 0.6557632693399553 0.7836358426203259 0.8203110202882392 0.8546312047104185 0.9076063196849384 0.9668561830260008 1.0231011190690997 1.1284279853882657
12 120 0.28791700465504694 1.2084305397583082 0.6521100982104433 0.6521100982104433 0.7452697191571683 0.8026942244366243 0.8179282642035813 0.8871366724541756 0.9833519622584551 1.015207093645841 1.2084305397583082
13 130 0.2702478086399683 1.2739029563345965 0.6357154589322667 0.6357154589322667 0.7287672539916564 0.7670418251506432 0.8006360799583764 0.8776178681863991 0.9740461524589589 1.009148523200791 1.2739029563345965
14 140 0.23925321287161197 1.2834950262934832 0.6116180071780937 0.6116180071780937 0.7248413855126038 0.7733951118419706 0.7867005265329834 0.857270187709349 0.9382765043728106 1.001069084984204 1.2834950262934832
15 150 0.22406529970524394 1.2360668180196817 0.6119083382869668 0.6119083382869668 0.7154279028745998 0.7244556019526547 0.7843319908799616 0.8335056397564085 0.9332129084927238 0.999012887923014 1.2360668180196817
16 160 0.22202484872764547 1.2631512881003348 0.6006165465219434 0.6006165465219434 0.6849705903693643 0.7111498886875491 0.7836422070647815 0.8362272939678593 0.8765504292033663 0.9835263524490103 1.2631512881003348
17 170 0.2178764405385885 1.2917864858968489 0.5909099976618934 0.5909099976618934 0.6770052314532965 0.6854469028910198 0.7956778661513815 0.8335888174464515 0.858247857361427 0.9773308824537199 1.2917864858968489
18 180 0.19259854766591933 1.285955083567804 0.568949309836342 0.568949309836342 0.6745007908564485 0.6816855490161535 0.777251146215002 0.8016567415324425 0.8569170941796008 0.9899997063716841 1.285955083567804
19 190 0.16676950222217315 1.258822337780318 0.5572045211473264 0.5572045211473264 0.6690299389752944 0.6781907295900819 0.7578900513328625 0.7775932934435095 0.8596356288921798 0.9968213477068326 1.258822337780318
20 200 0.15216746205931164 1.215735984458887 0.5565715122216778 0.5565715122216778 0.6500662763781835 0.680547327439139 0.7316869143385235 0.7705817267734408 0.8335886675470905 0.9904802633441904 1.215735984458887
21 210 0.1464629003564124 1.162114782271607 0.5407280347777182 0.5407280347777182 0.6409194058136832 0.6748583819733874 0.7074751114772888 0.7900593969955162 0.8321177934695149 0.9894377356147541 1.162114782271607
22 220 0.13912397751264588 1.1180723289950683 0.5362799541780995 0.5362799541780995 0.643247024448746 0.6582508521582408 0.7153044966446812 0.7911433817874556 0.8249782296586857 0.9420449817838971 1.1180723289950683
23 230 0.1274520787964018 1.0873511922250723 0.5262528438492106 0.5262528438492106 0.6248486079216898 0.6324263407942433 0.7125699972528899 0.7823554738751092 0.8230775227319862 0.9601331265776223 1.0873511922250723
24 240 0.11805483438595377 1.0650307175988396 0.519880547415202 0.519880547415202 0.6194341906302554 0.6262572229485376 0.6897200552297461 0.7557649369056515 0.7968491889218728 0.9406739392723438 1.0650307175988396
25 250 0.10304346476277576 1.0949799606536328 0.5024329059450671 0.5024329059450671 0.621741820940299 0.6269060992343491 0.6872988776107615 0.7051636219650463 0.7924214744379113 0.9303299619935975 1.0949799606536328
26 260 0.08920983054038886 1.0555564428856905 0.5144485314424924 0.5144485314424924 0.5914758872364073 0.6181266385021007 0.6750123461826123 0.7066064401259999 0.778616788040556 0.9411932713059225 1.0555564428856905
27 270 0.08008165615630697 1.0447188241497216 0.5123607913661394 0.5123607913661394 0.5352815223486237 0.6047281053925837 0.6709880608037069 0.707232108728041 0.7503853500624794 0.9568443873385908 1.0447188241497216
28 280 0.07641256006920008 0.9993173320971049 0.49751867458044485 0.49751867458044485 0.5423202270722105 0.5952558012796975 0.6670879046040679 0.6828230359826666 0.7497118417944627 0.9423283790383792 0.9993173320971049
29 290 0.06595604701086796 0.9932461504136358 0.48573175210218505 0.48573175210218505 0.5424373892445467 0.5829427529597849 0.6727500678301979 0.694514951167051 0.7769770588473988 0.8969810111861096 0.9932461504136358
30 300 0.05999042997969709 0.9914560040431768 0.4767798180359383 0.4767798180359383 0.5469849008725189 0.5785872544324224 0.6406780432384378 0.682142667031352 0.7549041203160963 0.8563766029036712 0.9914560040431768
31 310 0.05467174354283503 0.9874963510475874 0.4815240552371518 0.4815240552371518 0.5369796654626338 0.5629702372010325 0.6199063008932 0.6739723217150444 0.7513872466013761 0.8630222704206694 0.9874963510475874
32 320 0.0456247218385377 0.9934386046443803 0.46802244949288013 0.46802244949288013 0.5282414863899394 0.5494163842971279 0.6150039289420354 0.6621297771986646 0.7266334473386062 0.8525646542781172 0.9934386046443803
33 330 0.04093225947537103 0.9751533737305723 0.4528242965097505 0.4528242965097505 0.5151822258008716 0.5411546315924896 0.6201825468515939 0.6674825162704936 0.6783754356993802 0.837525351025718 0.9751533737305723
34 340 0.03511930524962951 0.9713512678422412 0.4417482040520761 0.4417482040520761 0.5074593275845835 0.567432696824784 0.604633322234403 0.6462001073012874 0.6703082141084801 0.8185552114156036 0.9713512678422412
35 350 0.029906599479588288 0.9704075615183875 0.43054628788240673 0.43054628788240673 0.48646567476433267 0.5641501828690023 0.6017639917025593 0.6324441725669674 0.6608120215486741 0.77585440406251 0.9704075615183875
36 360 0.027294766714834683 0.8871956464070153 0.42935196156804945 0.42935196156804945 0.4930307215165109 0.5555476487336224 0.5990786185710256 0.6183075856927948 0.6613992172865534 0.7659941413019078 0.8871956464070153
37 370 0.027374059901911416 0.8858113543872614 0.4324846372273236 0.4324846372273236 0.4815073460785161 0.5579307145327173 0.5792772465629886 0.6228731803045631 0.6519065991269042 0.7204920846038962 0.8858113543872614
38 380 0.026709655334474152 0.9324651418434949 0.43398377689464285 0.43398377689464285 0.4531145402412799 0.5527323368518681 0.5776646761760468 0.6116940509062122 0.6260257211037521 0.7110563787807033 0.9324651418434949
39 390 0.025600565679459224 0.9678640405912293 0.42993298739366653 0.42993298739366653 0.44988642219206254 0.5315939406730191 0.5684194626841883 0.5894662993341521 0.6331491530064873 0.700901033775058 0.9678640405912293
40 400 0.024182748187331557 0.9559499090501886 0.40635216264604435 0.40635216264604435 0.45038217140244147 0.5256501684081252 0.5418667063901677 0.582474501188072 0.6309178232137023 0.7343356898030863 0.9559499090501886
41 410 0.02284663799195565 0.9874374474689748 0.4054558822840948 0.4054558822840948 0.45661832235091415 0.5187817407265327 0.5402757538632492 0.559186009539908 0.6121033988401495 0.713163560799336 0.9874374474689748
42 420 0.022570369108995497 0.9920449634165298 0.4024261388072068 0.4024261388072068 0.44998754171753075 0.4945830168721073 0.5328847405445313 0.5502221897618976 0.5920019734591017 0.7087327934715444 0.9920449634165298
43 430 0.024151104577177274 1.005296979224116 0.3865683069355878 0.3865683069355878 0.4319582978763434 0.5067492696158172 0.5474792107453396 0.5615461391576978 0.5724329763331524 0.7029615422201951 1.005296979224116
44 440 0.0219932721482827 1.0328011516808604 0.3858603929804423 0.3858603929804423 0.42827521408384184 0.48661942428933186 0.5331910584009504 0.5568337737354443 0.5882592291540253 0.7030684658612767 1.0328011516808604
45 450 0.021117303398675687 1.0186659154045483 0.3959161380163776 0.3959161380163776 0.4201511338695147 0.476845669176536 0.5252359789129704 0.5429819644122116 0.577609066343421 0.6948337152017757 1.0186659154045483
46 460 0.019704677986928168 0.9979016477394315 0.37479062574046534 0.37479062574046534 0.4131163881820717 0.469637889477911 0.5313784110797442 0.5391809685307232 0.5841402925776689 0.6814847038107098 0.9979016477394315
47 470 0.020048911957494066 0.9805101528668678 0.3537379000746123 0.3537379000746123 0.40925349183508947 0.4461584556015829 0.5195455918300703 0.5440198379563731 0.5949146589636214 0.6751261048586243 0.9805101528668678
48 480 0.020192855718980066 1.002555825379092 0.3452404075253801 0.3452404075253801 0.4100667365978613 0.4401685337637377 0.5166023702835117 0.53623690714783 0.6027490571979728 0.6679586950040224 1.002555825379092
49 490 0.02098692347596177 1.003112617492201 0.3409550792694732 0.3409550792694732 0.41205605794099254 0.4565925195653661 0.4924828896952862 0.5265867567717775 0.6049908246481526 0.6466816241547206 1.003112617492201
50 500 0.021520309636060466 1.0451039801104443 0.32243027761471066 0.32243027761471066 0.4053128496945695 0.4710747296378356 0.491370454233377 0.5330636834273526 0.5929614181803021 0.6322790016097756 1.0451039801104443
51 510 0.022593631445102225 1.0669514170885208 0.3123577331648967 0.3123577331648967 0.41292263874493573 0.46698126491121 0.4789949121130532 0.5167930594738135 0.5668296566729413 0.6381171464632889 1.0669514170885208
52 520 0.02639465993745562 1.1473036946495658 0.29125921941681543 0.29125921941681543 0.4083714127302098 0.46427143152517925 0.47613446986013996 0.5047351787451433 0.5611474962409447 0.6422610039228432 1.1473036946495658
53 530 0.02902735376585723 1.3337479978875342 0.28489416267809714 0.28489416267809714 0.4077737174560329 0.44338506442811765 0.46432476641213083 0.5133146221774508 0.5533193929278918 0.649308333902272 1.3337479978875342
54 540 0.03578007216642763 1.4784105588929197 0.26105439667477287 0.26105439667477287 0.4068240993642602 0.43136393573082293 0.46443430470218955 0.5139415120933495 0.5470304763808604 0.6429411263502169 1.4784105588929197
55 550 0.038883539816766746 1.5898034140653639 0.2632139649838548 0.2632139649838548 0.3876940417029759 0.42457566166346133 0.4673383883570728 0.5132798507258334 0.549611487184731 0.6221003342528365 1.5898034140653639
56 560 0.041432401145994564 1.593434061033132 0.2588192235879936 0.2588192235879936 0.3623451263323076 0.418624038801865 0.45260203368673113 0.5061516070322394 0.5483681260663413 0.6007132235552459 1.593434061033132
57 570 0.04342390930748312 1.6238999316979252 0.2478891999451098 0.2478891999451098 0.3709461630441099 0.3955473052785726 0.46280789051868937 0.5077784348325175 0.5324646099318256 0.5926854879846483 1.6238999316979252
58 580 0.04137616916508908 1.6476368090311353 0.24647492047705455 0.24647492047705455 0.37428141987361824 0.389510977527533 0.44270210572184465 0.506092637734287 0.5319626190402171 0.5840808911915848 1.6476368090311353
59 590 0.0384781468516198 1.6410161318582919 0.23016895201596643 0.23016895201596643 0.3685484292939658 0.39200129796399735 0.4412190570236452 0.5107935597745704 0.5232139046568157 0.5751957574411622 1.6410161318582919
60 600 0.03749914516992254 1.6563072509120504 0.22935561183868647 0.22935561183868647 0.35319354923330054 0.3948626533036869 0.4225967791250093 0.5057563329376752 0.5127488956380717 0.5723615531023353 1.6563072509120504
61 610 0.03734871823950707 1.719623517119157 0.22198190132104403 0.22198190132104403 0.3474970106778873 0.37844112417651377 0.40942920969487434 0.5014760973092028 0.5103397150133164 0.5717196732948977 1.719623517119157
62 620 0.035234855164129476 1.7088317738251055 0.21731548477930265 0.21731548477930265 0.34314418744983016 0.37177222065716403 0.4033988461125349 0.5017716620548629 0.5129784730323625 0.5556906598905103 1.7088317738251055
63 630 0.03664728374254893 1.6049394329712703 0.21465447367989346 0.21465447367989346 0.34691273752507035 0.36193629669240657 0.39900098967373715 0.501769238040497 0.5140994140662447 0.5400619562863028 1.6049394329712703
64 640 0.041087646200766784 1.6033629648284822 0.2201047142345925 0.2201047142345925 0.3423388227578881 0.35061416122589667 0.4154859265069689 0.47527589625047506 0.5089208796139639 0.5356223500291103 1.6033629648284822
65 650 0.03939966705566897 1.6712671428415573 0.21759007872543362 0.21759007872543362 0.34510570405136043 0.35197298055530535 0.4196379965016727 0.4760833144840812 0.4922140409199586 0.530843064107688 1.6712671428415573
66 660 0.03909566008737869 1.6649763937179844 0.21139477525102274 0.21139477525102274 0.3312789728041981 0.34571678166025965 0.41013982340202937 0.46636904270697777 0.48568408626513604 0.5270741895820445 1.6649763937179844
67 670 0.03795718788586789 1.6071554543665285 0.21168629524908164 0.21168629524908164 0.3131421486863164 0.34993507656387135 0.4006739397190051 0.4687902017411999 0.4937293718445502 0.5271076959580034 1.6071554543665285
68 680 0.03576916944416005 1.5835406828768628 0.2010318731583245 0.2010318731583245 0.31329332167142016 0.3449190130420127 0.39542705088039054 0.47473430013705137 0.5018626565710328 0.5197780661613172 1.5835406828768628
69 690 0.03651374423541974 1.5767279245237347 0.2012965394795881 0.2012965394795881 0.30415586683181617 0.345544661359469 0.39423482902465223 0.45799263407813795 0.4913711394421757 0.5143266099333721 1.5767279245237347
70 700 0.037121133983929855 1.5735684573762634 0.20281111047849812 0.20281111047849812 0.29833595844820526 0.3399892063399418 0.39234039705717766 0.4571907606866315 0.48353758764062865 0.5026186823715707 1.5735684573762634
71 710 0.04097141536775764 1.4975415776535208 0.20439312384935043 0.20439312384935043 0.29635256177478897 0.344217089685552 0.3786476956470819 0.45790800534878456 0.47924999012042496 0.5195084203681029 1.4975415776535208
72 720 0.04106910366641798 1.503770971946082 0.19677579499785555 0.19677579499785555 0.29384544504519833 0.3615348421026513 0.38872744737350734 0.45319593919100243 0.4787587802807884 0.5056628305848576 1.503770971946082
73 730 0.04191311636114246 1.4894751126034258 0.1951755560686377 0.1951755560686377 0.28998801021263604 0.3574633671541267 0.3811029160727655 0.44218318038490073 0.4764021951397575 0.49583653766559266 1.4894751126034258
74 740 0.04803477359903606 1.5073031576348468 0.19497717488569458 0.19497717488569458 0.27989107738882074 0.356537683035927 0.37917111956857996 0.4323844786714987 0.46565315168435756 0.5022051074327283 1.5073031576348468
75 750 0.051094967719565676 1.6051117245199678 0.19058173660096098 0.19058173660096098 0.27239999920936636 0.33472418837990126 0.39380732258770623 0.4384789500402854 0.4584573509560395 0.5135361939582482 1.6051117245199678
76 760 0.05251203502881622 1.5752498585169543 0.19476168752490006 0.19476168752490006 0.27149849309042734 0.329715607384567 0.4090086086106366 0.4175059861967018 0.4521263675948564 0.5088777808434233 1.5752498585169543
77 770 0.05322022270720403 1.5054810520348774 0.19684578124598803 0.19684578124598803 0.2732935051438255 0.330803136531134 0.3877484789794927 0.4194815695173347 0.43446447939228944 0.512274418349493 1.5054810520348774
78 780 0.05601660444825934 1.448315477972326 0.1920090437536117 0.1920090437536117 0.2717427496290949 0.32771657954444766 0.38761573584077935 0.4162575061968574 0.43437693428181506 0.5184339193155492 1.448315477972326
79 790 0.06519918940778306 1.430836452231558 0.1892271893721984 0.1892271893721984 0.2878175304662818 0.3188359036368733 0.38927686895104097 0.4071628961194663 0.43554733845342786 0.49015908112871065 1.430836452231558
80 800 0.0637197128861048 1.54633965195935 0.18971316571055022 0.18971316571055022 0.27261995752355966 0.31971025996764113 0.3840182646248746 0.3938717065319342 0.44129987886991895 0.5003534474854103 1.54633965195935
81 810 0.059584856581386236 1.49030961980953 0.18691339495286485 0.18691339495286485 0.2658446886545763 0.31135460278350413 0.3774132617951189 0.3872983754456678 0.4443641076678468 0.4948692095390318 1.49030961980953
82 820 0.056109096755759216 1.5025494575218652 0.1874421395083517 0.1874421395083517 0.25823383108162956 0.3069703541707108 0.3554929448411943 0.38511850974203127 0.44167079031837375 0.4997807659742663 1.5025494575218652
83 830 0.05761433080897314 1.4867648004277625 0.1887846974773236 0.1887846974773236 0.2499790007896195 0.3040532869173697 0.3473173609739811 0.3810970449036652 0.43689729780293873 0.5084221738604289 1.4867648004277625
84 840 0.054300452314370154 1.505400838492871 0.17992599132908266 0.17992599132908266 0.23954230765397871 0.3010526142039885 0.3396519430836318 0.3724997075142166 0.4718966968468939 0.5114837627363434 1.505400838492871
85 850 0.052117915920039545 1.473542915283364 0.1784551440466243 0.1784551440466243 0.23908601376227376 0.2875248337479247 0.3332621603038112 0.3700267582410342 0.47143296677922086 0.49266486295128575 1.473542915283364
86 860 0.05035196148128247 1.45809561991698 0.1756722951456835 0.1756722951456835 0.23076163848849546 0.2873595867369501 0.334516996119351 0.36714910725777355 0.4544504200160214 0.4844417160544831 1.45809561991698
87 870 0.04803993381407361 1.4074612365743986 0.17370098494582825 0.17370098494582825 0.23079823529801463 0.2820291106399908 0.3270211984130709 0.3789458390188378 0.4333521970915965 0.48027310634559317 1.4074612365743986
88 880 0.049404123155670984 1.382103818558156 0.16318122730730336 0.16318122730730336 0.2278263735808443 0.2848676557002165 0.32899693942154046 0.3733809031674705 0.4205912898665387 0.4957603483884516 1.382103818558156
89 890 0.046312984516449524 1.3643882589090413 0.16128444545979628 0.16128444545979628 0.2207415457570025 0.28377267035733306 0.3249887550346795 0.36658087914449894 0.42368604537448024 0.5061717797061122 1.3643882589090413
90 900 0.04194042005222111 1.3376890381638584 0.1581739282404625 0.1581739282404625 0.2198742064336816 0.2885603768825273 0.3100360847098885 0.358545051263155 0.413751078506677 0.5126604447660154 1.3376890381638584
91 910 0.0406346545927619 1.3547153358541937 0.15552611917413095 0.15552611917413095 0.2166567273743986 0.2815771492970429 0.29923243045756365 0.3513453845324013 0.40762431488588574 0.5050596168000929 1.3547153358541937
92 920 0.03730841561041972 1.4075066394134303 0.15098835706531186 0.15098835706531186 0.20449818116224616 0.2717990033149426 0.2976777980246006 0.34083158474287223 0.4055152901461708 0.5041636894364498 1.4075066394134303
93 930 0.03555687684168665 1.371325931171837 0.14950327099771482 0.14950327099771482 0.20390689100217294 0.2670699120717585 0.28350932564101217 0.3424370893415324 0.3952745374269589 0.499712551130361 1.371325931171837
94 940 0.03496944606981231 1.3756055303673183 0.14584616571780243 0.14584616571780243 0.20289162906498825 0.2608399014241307 0.2897077086465548 0.34370436058411247 0.39137656249621394 0.4742377287150211 1.3756055303673183
95 950 0.03554519121383031 1.315017587932013 0.1445710310978288 0.1445710310978288 0.2079017563593198 0.2611819622405336 0.291604906276923 0.3331462652810103 0.3833633497398142 0.46563565871293927 1.315017587932013
96 960 0.03220069763207747 1.3536548314887744 0.13990057081245744 0.13990057081245744 0.205729321034377 0.2641785306242174 0.28114213611733585 0.3233376119761078 0.37353911036795706 0.473159370984834 1.3536548314887744
97 970 0.033040533968229736 1.275543278186375 0.14066008516121745 0.14066008516121745 0.20598642733834058 0.25475441687102535 0.28041464152298856 0.31755443772221287 0.37264180235244876 0.4704670811144508 1.275543278186375
98 980 0.0325267588076551 1.2841945684174663 0.14031375972039614 0.14031375972039614 0.2094559852604514 0.24898626108350055 0.27887692854472107 0.31778633900300396 0.3722735510600304 0.47462367968825664 1.2841945684174663
99 990 0.0331068161648955 1.2206938600686796 0.13930349570528908 0.13930349570528908 0.20607165005175113 0.25224136088085847 0.2763957460823788 0.31657026978571473 0.3577222905675434 0.474952744325795 1.2206938600686796
100 1000 0.03578504304235655 1.1731254504559427 0.1382332171366343 0.1382332171366343 0.2195285740926817 0.24814957858618472 0.2737937612669167 0.3174905152035517 0.3519841305384402 0.4617105618393388 1.1731254504559427
101 1010 0.035884199359173426 1.186879509035296 0.1318652526190896 0.1318652526190896 0.21959822958450484 0.23597739499923615 0.26957961553699156 0.3275768462712532 0.3519529122849173 0.48102238287128585 1.186879509035296
102 1020 0.037011554458874274 1.1647837617218166 0.12997679560770745 0.12997679560770745 0.2107780156573584 0.2409249219525594 0.2738258424141512 0.3234869986073526 0.34822168518116614 0.47348224033746905 1.1647837617218166
103 1030 0.03610844446267584 1.156448496465536 0.12317279152360999 0.12317279152360999 0.20652806829154802 0.24490363440869506 0.2733933470889655 0.3219337327715864 0.35298145832169975 0.48284322314217143 1.156448496465536
104 1040 0.031774723100457154 1.121639719710088 0.1258384810856585 0.1258384810856585 0.20226831411247562 0.24263829607744533 0.26669298442329287 0.32323015929406307 0.3595929442196894 0.4676882002333673 1.121639719710088
105 1050 0.03126566274938288 1.1144557257949756 0.12339399512528934 0.12339399512528934 0.19770414886424786 0.23524870104004714 0.2635775207299143 0.32060181639527263 0.35988896887862604 0.4584073999869297 1.1144557257949756
106 1060 0.03222997907214212 1.1165626740829027 0.12587544083973537 0.12587544083973537 0.18809948459922202 0.22683819201726108 0.26026558499872027 0.31517418594366076 0.3667446940150349 0.4584007092310608 1.1165626740829027
107 1070 0.03398200116707209 1.086503200240415 0.1301438210987688 0.1301438210987688 0.185550704497593 0.23392644457402428 0.25041016707007957 0.3298908863022304 0.3631419035920635 0.4462925657998194 1.086503200240415
108 1080 0.033745786522341205 1.0126392605677932 0.13083937383048547 0.13083937383048547 0.18671939108639538 0.22847216071789847 0.23872580278820085 0.3357565966798684 0.3632596368657289 0.47093170951992736 1.0126392605677932
109 1090 0.032658266747564335 1.0179896002733742 0.13000021875922696 0.13000021875922696 0.1803786712094155 0.21556093254694128 0.23779117053873974 0.3250670588201077 0.36747214909464293 0.47049665241734234 1.0179896002733742
110 1100 0.02959140814639478 0.9717901456714747 0.13002669322758068 0.13002669322758068 0.18927201755685436 0.20865257804927267 0.23413415349466551 0.31864692541305534 0.3583941726190979 0.4795657652933639 0.9717901456714747
111 1110 0.02800205199971575 0.9482177098762756 0.12757970449908146 0.12757970449908146 0.1905947455291358 0.20074265715362172 0.23266803596580118 0.31758440080978645 0.3434319930487847 0.47503672689009674 0.9482177098762756
112 1120 0.028020482547977753 0.9795833306616304 0.12243864284592501 0.12243864284592501 0.18793102721858118 0.19417804002675415 0.23747705698571192 0.31306329023189855 0.3367350839393724 0.46618030111867015 0.9795833306616304
113 1130 0.02813654808274182 0.9948028687034581 0.1194899902164274 0.1194899902164274 0.18959639526680314 0.19420997032600948 0.2380642595852682 0.3204017489112099 0.33266089933449783 0.44877106432715147 0.9948028687034581
114 1140 0.02908167304111096 1.0085388374519026 0.12357095437761387 0.12357095437761387 0.18171075146836438 0.19380183036089316 0.23359080496881737 0.3220744739594258 0.3362356698117727 0.43120110662627953 1.0085388374519026
115 1150 0.02823426789126786 1.0207925400133753 0.12634678953733064 0.12634678953733064 0.17422495210112246 0.19159414377484596 0.22779544332173013 0.3188958380557384 0.3316108892700903 0.44047189636983886 1.0207925400133753
116 1160 0.027306103773635848 1.0093666778238646 0.12629253737327412 0.12629253737327412 0.1695697124080237 0.18894897048871612 0.2261856354765072 0.3093050843382673 0.33153873471676326 0.42685899697337865 1.0093666778238646
117 1170 0.02853503489914476 0.9992399744289493 0.12322910394861773 0.12322910394861773 0.1690370559197136 0.19114619698695043 0.2084351218457401 0.3078525770550549 0.3346781523174709 0.42187182328435974 0.9992399744289493
118 1180 0.0275445839547338 0.9927737857176554 0.1207991838096146 0.1207991838096146 0.16766255265678273 0.18872492103582733 0.20995016321999255 0.2981557001979855 0.3495429920826446 0.4216488472076063 0.9927737857176554
119 1190 0.02915839142974936 0.997315546863168 0.1182261010694814 0.1182261010694814 0.16934042557150622 0.1895920274601479 0.20892200911800185 0.2827134197391733 0.3347307116125282 0.4284537425191316 0.997315546863168
120 1200 0.03087594360227153 1.0416777433984767 0.11909853170766323 0.11909853170766323 0.1663020871156052 0.18736544398091984 0.2078959636396163 0.29381611241532746 0.3149409890912231 0.41146368270093225 1.0416777433984767
121 1210 0.03154739530378736 1.0793949374324274 0.11754396930758897 0.11754396930758897 0.16436795871506682 0.18020433338016664 0.2096108659151626 0.2841566074492245 0.306883115216402 0.4106468134519043 1.0793949374324274
122 1220 0.033509654825227185 1.1065692649690198 0.11370282364961788 0.11370282364961788 0.16414379401036341 0.17561341066968778 0.20965755783510084 0.2744242155644404 0.30273382472909305 0.40689512082736773 1.1065692649690198
123 1230 0.033126039641847654 1.1823289570555642 0.11110505322928989 0.11110505322928989 0.1627413925380631 0.17914378311674742 0.20553575996353346 0.26409018719295685 0.2964968494554958 0.40205671544412525 1.1823289570555642
124 1240 0.029090035924767572 1.1770756974031695 0.10682641896137433 0.10682641896137433 0.16140283207157563 0.1778573154235445 0.20172702132918574 0.2640748834536914 0.2938119872813779 0.38962504783348023 1.1770756974031695
125 1250 0.02719513238462708 1.1760165103665279 0.10244156737995151 0.10244156737995151 0.1557827709217646 0.17608690560425466 0.19667399434689395 0.2613792941536133 0.28501406244274985 0.3894245031451366 1.1760165103665279
126 1260 0.030588813504093697 1.1422996409054968 0.10097236568893589 0.10097236568893589 0.15525521257219912 0.17375576560442735 0.2026296368444748 0.2512579361035243 0.2831275659899847 0.3922100522055943 1.1422996409054968
127 1270 0.037255879409203566 1.208904348603906 0.10056764665888769 0.10056764665888769 0.15486548959069085 0.17029845549834322 0.20691388273311118 0.241365820263773 0.28560277659213285 0.39991539484916944 1.208904348603906
128 1280 0.048624407235099545 1.2447060471593527 0.09880889449417483 0.09880889449417483 0.15232677497731945 0.1658778436272754 0.21673142268422851 0.24043660576235762 0.28399047146437756 0.39833216238526825 1.2447060471593527
129 1290 0.05933988459770513 1.251529283676863 0.09935860908202539 0.09935860908202539 0.14323212790283693 0.16314389459416254 0.22492200060668485 0.24607034683667045 0.2879155031845588 0.40323709294198723 1.251529283676863
130 1300 0.06526291297780448 1.1882539743285654 0.09893555160008674 0.09893555160008674 0.13964627095554216 0.1689012030484282 0.22583222294200617 0.24819078610164727 0.28522743586605237 0.40060123958772037 1.1882539743285654
131 1310 0.07099254486160593 1.1432634936542754 0.09759064302372676 0.09759064302372676 0.1333314673943096 0.16913874695606668 0.22895377905964664 0.2427180288070291 0.2824237867541421 0.3859831515636575 1.1432634936542754
132 1320 0.07565257204294089 1.0907994625210353 0.09459118175232682 0.09459118175232682 0.130598261844651 0.1653244568857537 0.23040891996268406 0.246871075202752 0.2872314977753997 0.379923041781348 1.0907994625210353
133 1330 0.07082444730649508 1.1130466373040533 0.09370237714058295 0.09370237714058295 0.1267346467533956 0.16043734768719084 0.22059606964143472 0.25568847440390874 0.2818881771006275 0.3647220010577246 1.1130466373040533
134 1340 0.0628980769007896 1.1132605086520626 0.0958071054064791 0.0958071054064791 0.12373796036109401 0.16421576024876453 0.21962484314242872 0.2476224239308969 0.26615248272737096 0.3609394084838685 1.1132605086520626
135 1350 0.05753068482707853 1.034201937123915 0.0954401632055887 0.0954401632055887 0.12178151286494515 0.16276766473553508 0.21911237187605068 0.23838377125423238 0.2653438094515788 0.3587550129401326 1.034201937123915
136 1360 0.04946176504259087 1.0247059921392323 0.0946938551806889 0.0946938551806889 0.11487099977914934 0.1612258959952186 0.21523331186302885 0.23445247653991988 0.26574015201685997 0.35538827446208704 1.0247059921392323
137 1370 0.04467274565198753 0.991497626852838 0.0955249477645852 0.0955249477645852 0.11166409863664237 0.161302148967282 0.21321980189971976 0.229859612217594 0.25967697726178124 0.34532465960162934 0.991497626852838
138 1380 0.04452016373706909 0.9363215506595368 0.09352915768439032 0.09352915768439032 0.10892722597677479 0.162843122181876 0.21218159319709629 0.22904948762471386 0.2520550822744053 0.34688984525735594 0.9363215506595368
139 1390 0.044805451925050394 0.9137931673601566 0.09361742285948314 0.09361742285948314 0.1052988216927378 0.1617797166533825 0.20454598512200314 0.22571038849432454 0.26498094078094375 0.3443420693937962 0.9137931673601566
140 1400 0.04533047109963444 0.8743096915350176 0.09540804115617811 0.09540804115617811 0.10397752129476451 0.16119772303169608 0.2064323806788852 0.2291847878112611 0.2666412390745442 0.3402579273093891 0.8743096915350176
141 1410 0.04820653804801501 0.8817829293596603 0.09198026596405748 0.09198026596405748 0.10454783237648724 0.1560507259768026 0.20247216672376392 0.22494745312217426 0.2681251216355407 0.3377551001235538 0.8817829293596603
142 1420 0.04920093847239263 0.8923574917601831 0.08961228699259617 0.08961228699259617 0.10229677763653526 0.15423802447680915 0.20032669628979993 0.21937774925192968 0.2803425713626175 0.32932295788390203 0.8923574917601831
143 1430 0.04954371031269856 0.8692378938315725 0.08781260590851839 0.08781260590851839 0.106547570284705 0.15417373592879624 0.19506507467320103 0.21348057930579173 0.2856028689960986 0.3118853051777963 0.8692378938315725
144 1440 0.05161934905100487 0.8568157151194556 0.08750218904691662 0.08750218904691662 0.10487263055877513 0.1469225122678031 0.1929350171264878 0.21468265349316992 0.2943575062308041 0.3075407828052225 0.8568157151194556
145 1450 0.056350972798874695 0.8452732478838104 0.08606089522558745 0.08606089522558745 0.10345145394423973 0.14998915327748644 0.190637696890276 0.2130018033772832 0.28132305479049236 0.3147689059047898 0.8452732478838104
146 1460 0.055258131266925914 0.8189920866069413 0.08860107244740922 0.08860107244740922 0.10201002137720616 0.15070742834666437 0.1881573635266268 0.21246396869675171 0.2829356803681976 0.3093436739410923 0.8189920866069413
147 1470 0.05617350207245789 0.7985457716283334 0.08569606258320416 0.08569606258320416 0.1015512611545345 0.14980121795870074 0.18309799725562592 0.20942519875090504 0.28441664939345757 0.3052851494033322 0.7985457716283334
148 1480 0.05766032257262545 0.8065727021999335 0.08679362765812179 0.08679362765812179 0.10165032342376897 0.15016536731292357 0.17257871287878865 0.20350057806485222 0.27667462843834645 0.3117886932651033 0.8065727021999335
149 1490 0.06082130125669652 0.8085869238530187 0.08639502050282925 0.08639502050282925 0.1031607576168085 0.14901768348021804 0.1709419357853272 0.20458782862144026 0.2611125067076366 0.3124311376343142 0.8085869238530187
150 1500 0.06499113665666331 0.851100675257969 0.0845131970193363 0.0845131970193363 0.10313431564142059 0.14559013116538422 0.16530917877190096 0.20496868326154716 0.25885350533549367 0.3097109633253878 0.851100675257969
151 1510 0.06372623637784489 0.8444538174365925 0.08466013023983489 0.08466013023983489 0.10097357059445061 0.14639912347835257 0.16289579997361744 0.19580523507791783 0.25568437292867036 0.32591994259081936 0.8444538174365925
152 1520 0.06252161857205205 0.8230312129698333 0.08433506326173117 0.08433506326173117 0.09999077887493875 0.14546677009990952 0.16356083197545715 0.19077818898122376 0.24392865937152478 0.3267505209131607 0.8230312129698333
153 1530 0.07129176373177377 0.7900987316699103 0.08815021937055402 0.08815021937055402 0.09399327776473888 0.14306441021783667 0.16137414306450906 0.18854664860222037 0.24436851640549792 0.326109576237678 0.7900987316699103
154 1540 0.07515399836414037 0.8409519957678123 0.0879216558687088 0.0879216558687088 0.09575118564738573 0.14142986629416984 0.15254087242660766 0.19079300356209491 0.23877478317812204 0.3335296545222798 0.8409519957678123
155 1550 0.07093249462290617 0.8381555154619438 0.08786020850182732 0.08786020850182732 0.09532532631863472 0.1389880789339352 0.15337369549630556 0.19011130839714743 0.23863604728045232 0.32681714400139544 0.8381555154619438
156 1560 0.06801790023608488 0.8381575554206354 0.08595363120286081 0.08595363120286081 0.09529708769992346 0.13941060786391415 0.1484344828718732 0.18037636951638183 0.2380874155954147 0.3173156822664574 0.8381575554206354
157 1570 0.0698994883261234 0.8259970475800664 0.08633069502336566 0.08633069502336566 0.09488808079824719 0.13497307703338507 0.14522939274607785 0.17834067146901963 0.23559723189151807 0.3123219879623164 0.8259970475800664
158 1580 0.06323307803538472 0.7725286198514218 0.0906302292422029 0.0906302292422029 0.09359877037130128 0.1333657070803847 0.14512597433623692 0.17295721862112087 0.23316252325107562 0.3155190567472989 0.7725286198514218
159 1590 0.06170871021229607 0.7463900662480019 0.09084448543217057 0.09084448543217057 0.09261493268340318 0.12790578814659406 0.14238237556943406 0.1748398202249119 0.22956211893579243 0.305092577115088 0.7463900662480019
160 1600 0.05772451741330292 0.7551325058481093 0.08964179998337578 0.08964179998337578 0.0927267880668237 0.12497335650842946 0.14132363650976015 0.1736280602249168 0.22473693973391595 0.2965293464779942 0.7551325058481093
161 1610 0.0551711007480107 0.7711113887443579 0.08972097839896188 0.08972097839896188 0.09114744825829171 0.12246310097138503 0.13763745027221774 0.16494988184733161 0.22116993043656827 0.2910780986989752 0.7711113887443579
162 1620 0.05169002071593499 0.7618398985973027 0.09022463450916976 0.09022463450916976 0.09064628463839357 0.12271336959103055 0.1349286818661077 0.1663359211127057 0.2164225666855851 0.2774278834771363 0.7618398985973027
163 1630 0.04639559162435057 0.7472395017931308 0.08855062977851355 0.08855062977851355 0.08959600203873842 0.12052503500702266 0.1372870705514049 0.1604393606219909 0.20721312330204977 0.269223605751086 0.7472395017931308
164 1640 0.04702918485039638 0.7605123555807811 0.08535986108509365 0.08535986108509365 0.0904852976233549 0.11766728920235452 0.13101684270938901 0.15929844483084896 0.20437434075357386 0.26442073582008035 0.7605123555807811
165 1650 0.047684487853887084 0.7717701783129974 0.08433046511754237 0.08433046511754237 0.09131849941696786 0.11575723380550505 0.1293956451634102 0.16272655917224738 0.18902675562075483 0.2697642170288224 0.7717701783129974
166 1660 0.05138599009114388 0.786397489372668 0.0832841247815793 0.0832841247815793 0.08826909810191945 0.11608922097531535 0.12920869628020235 0.16317160179792028 0.18723288324758094 0.2703551355783105 0.786397489372668
167 1670 0.05237592694812275 0.8588295551877261 0.08228874694765843 0.08228874694765843 0.08361626226194474 0.11673586443701363 0.128483594979408 0.159812811463514 0.18633839660298823 0.2681247992875887 0.8588295551877261
168 1680 0.05093833390613979 0.8752673332187834 0.07830285430891633 0.07830285430891633 0.08175013563778465 0.1127289013672336 0.12781635415157314 0.1552344211958653 0.18816798878604848 0.26920815500325673 0.8752673332187834
169 1690 0.05233551973953109 0.8569818030819109 0.07783899562102693 0.07783899562102693 0.08167036411574856 0.109050061578023 0.1255844961728519 0.15552494601494377 0.17801234514220746 0.27768362139676217 0.8569818030819109
170 1700 0.057815819580424054 0.8677522183917933 0.07532230115386425 0.07532230115386425 0.08040821390252645 0.10448543382927342 0.1254533941630072 0.15546088316711584 0.17807892357136684 0.27912599939757465 0.8677522183917933
171 1710 0.0650296377364707 0.9060289112360693 0.07543082189027026 0.07543082189027026 0.08035391726602159 0.10559815634165294 0.1226837959482306 0.14879960443133122 0.17324531818588196 0.281332796971751 0.9060289112360693
172 1720 0.07497372384142428 0.938686361294214 0.07477055794212109 0.07477055794212109 0.08158437112811089 0.10321438434216415 0.12319386203691639 0.14295949794848387 0.16780479229362993 0.29375863331184976 0.938686361294214
173 1730 0.07410021640025705 1.0201711409799303 0.07021632232839194 0.07021632232839194 0.07676936766657261 0.10311218090485158 0.12369162680970963 0.14520864595006208 0.16531188726664672 0.30637036469254875 1.0201711409799303
174 1740 0.07275985365256384 0.9507877751758895 0.07125792634560518 0.07125792634560518 0.07634966684302352 0.09940329944686987 0.12206504843692195 0.14589130939394881 0.16073485948020555 0.31553933066551443 0.9507877751758895
175 1750 0.06821407286642345 0.9461828443764886 0.07048086126241777 0.07048086126241777 0.07577319669604683 0.10026675765254393 0.12401081850894502 0.1398325939264904 0.15557501334315674 0.3000752749204322 0.9461828443764886
176 1760 0.06017434571122364 0.9154699045939159 0.06913701762318473 0.06913701762318473 0.07496330557064458 0.09818858493528594 0.12440344197096392 0.1405591498993271 0.14832154345978235 0.29712688636785234 0.9154699045939159
177 1770 0.06063935154586324 0.8928096741041306 0.06561803191813835 0.06561803191813835 0.07478223944942808 0.0963625587333641 0.12574955523077408 0.1362401886720354 0.1469466577155633 0.29228681600305506 0.8928096741041306
178 1780 0.056252748353256 0.8753935534309409 0.0647934771682323 0.0647934771682323 0.0742708691545443 0.09312471762144706 0.12413857647774969 0.13445422644116015 0.14708078418679477 0.2987892913569382 0.8753935534309409
179 1790 0.055397193690745264 0.8679981154888415 0.06341740848525292 0.06341740848525292 0.07177527778009717 0.09138948004412152 0.1290941274475258 0.131967584949532 0.1432641633705609 0.29110888206806285 0.8679981154888415
180 1800 0.058271273986630526 0.838409806340438 0.06353372595664816 0.06353372595664816 0.07155554638870586 0.08854680097586752 0.12807466970862347 0.13228796722575425 0.14591852654789408 0.2856708594642733 0.838409806340438
181 1810 0.060538558783927374 0.8653137380981548 0.06443640152323071 0.06443640152323071 0.06586127275326747 0.08546534729301586 0.1255091697629087 0.1321600182940804 0.1453811346461139 0.2933189236288155 0.8653137380981548
182 1820 0.05831717630634917 0.8890198425395325 0.06500694290144671 0.06500694290144671 0.06641205815931556 0.08580784860191581 0.12500819504245714 0.13366306296453187 0.14172820237706316 0.2731860463163521 0.8890198425395325
183 1830 0.059563468311147186 0.883595005473945 0.06219456388851629 0.06219456388851629 0.06525908112871015 0.08405181346753555 0.1237897534980136 0.133748703200749 0.14243985648470509 0.2750269746976897 0.883595005473945
184 1840 0.05736685846739414 0.8912125893224248 0.06024583106065997 0.06024583106065997 0.06587323019543043 0.0819820140919484 0.11242746831287814 0.13568916405071893 0.13990925189940948 0.29202554691580607 0.8912125893224248
185 1850 0.058325121205869884 0.908144311803555 0.05899343108186088 0.05899343108186088 0.06422727850994894 0.0809793688879743 0.11191320443055713 0.13231603903449046 0.1376822644450828 0.29119382917818126 0.908144311803555
186 1860 0.0632642363321613 0.8976679901392921 0.057058492561428156 0.057058492561428156 0.06434969340516648 0.08102963434418729 0.1081483884863977 0.13437449070044327 0.13870115595643637 0.289632815214078 0.8976679901392921
187 1870 0.0727353656101484 0.9181420996763878 0.0538169243305986 0.0538169243305986 0.0645928143329923 0.08074511738352771 0.11125139368126855 0.12964332211921095 0.1429972993273943 0.2829775202814029 0.9181420996763878
188 1880 0.06898003781495049 0.9426894837069845 0.052900645656975394 0.052900645656975394 0.06412422779950923 0.08093686087996727 0.11038883286590159 0.12506242651108448 0.15109961122144622 0.2789501172050915 0.9426894837069845
189 1890 0.06659334501999158 0.9229742992085399 0.0521446358114125 0.0521446358114125 0.061819151908720345 0.07966186279791007 0.10888142102414165 0.1273044476161679 0.1507271333704298 0.27057043740321884 0.9229742992085399
190 1900 0.061202658002455654 0.9152468778692767 0.04876820551109167 0.04876820551109167 0.061738002403788794 0.0801570976620062 0.11110972880572997 0.12423895850315674 0.1469479911797664 0.26332875227072083 0.9152468778692767
191 1910 0.051664935357319905 0.890815972312541 0.04981867576330073 0.04981867576330073 0.062067987548582226 0.07941757743934257 0.10908752311883993 0.12310017614356578 0.14059347956215465 0.26395886501709137 0.890815972312541
192 1920 0.05069560801899038 0.8346836558211097 0.049252811761652526 0.049252811761652526 0.06072758656058777 0.07768855966461984 0.10559904574751894 0.12107211651119075 0.136492670387292 0.2628817809763052 0.8346836558211097
193 1930 0.052580824310442136 0.8126918783160257 0.04886599912427124 0.04886599912427124 0.06154139670828127 0.07627728125514398 0.10348796440281208 0.11881652657809971 0.14228574928359655 0.25264401507103157 0.8126918783160257
194 1940 0.053396350862729154 0.7910380372675657 0.047004143692979526 0.047004143692979526 0.06252500675468829 0.07404588684196933 0.09982748666445795 0.11733984831313567 0.15198666489516569 0.2500194759968148 0.7910380372675657
195 1950 0.0567371131199799 0.800750328375581 0.04556230755903811 0.04556230755903811 0.06070413786216442 0.07347103642174262 0.09600938201355853 0.11629444988452203 0.15040461777508324 0.25164041707124785 0.800750328375581
196 1960 0.056779186355178375 0.8037191316768088 0.04353833702072636 0.04353833702072636 0.06028896483793087 0.07746540528906808 0.09422480521670876 0.11694649338383419 0.14404172052064507 0.2637414024648343 0.8037191316768088
197 1970 0.06316527453949938 0.7871102248715166 0.043728050890014115 0.043728050890014115 0.059774627047344785 0.07694265249953398 0.09065254007526682 0.11483163528246444 0.14353014879826492 0.2643684335819568 0.7871102248715166
198 1980 0.06529200923821309 0.8089640545722461 0.04490400516917582 0.04490400516917582 0.059178269618204854 0.07498387121318721 0.09029210897270842 0.11045206790528163 0.14454872444461675 0.2637547153612435 0.8089640545722461
199 1990 0.07293574904875368 0.8107111508975865 0.04420520095760887 0.04420520095760887 0.05978440301292843 0.07594791268753034 0.08841855175084361 0.10648229445889847 0.13815817392492982 0.26362249837167495 0.8107111508975865
200 2000 0.07787760419833768 0.8337644411057326 0.04444531162979125 0.04444531162979125 0.05818344927941548 0.08038640770035159 0.08909834608105673 0.10417978009358352 0.1357954321582327 0.261246434256746 0.8337644411057326
201 2010 0.08110325017662698 0.8490886294039098 0.044175318935474474 0.044175318935474474 0.05854495067640242 0.07630587030852874 0.08728557822769552 0.10804536434795471 0.1304193863700972 0.26114097159886057 0.8490886294039098
202 2020 0.08808348008144778 0.8655877900102362 0.0438784898131583 0.0438784898131583 0.057618280915374465 0.07499577755489811 0.0873233302217466 0.10219131068084268 0.13059650964531247 0.2608112876514853 0.8655877900102362
203 2030 0.08213724279009392 0.9057248971075558 0.0445864421510582 0.0445864421510582 0.05807593063505335 0.07454929712964527 0.08447470535921249 0.09940383875765761 0.12348072675391537 0.2654630870332696 0.9057248971075558
204 2040 0.0806604010902977 0.9075744333998144 0.04464288420498933 0.04464288420498933 0.05554034300064983 0.07423520702194225 0.08458970885909124 0.09884085084779909 0.12057572358056781 0.25444444227120827 0.9075744333998144
205 2050 0.07816077954902133 0.9345256363427539 0.042021965618135135 0.042021965618135135 0.055449694419963586 0.07292090652656731 0.08270540999825483 0.0985285436464187 0.12052607505720478 0.2456722120970505 0.9345256363427539
206 2060 0.07169142281628536 0.9312854153599892 0.042295575122734075 0.042295575122734075 0.05590336511488542 0.07179647991718459 0.0819585600340868 0.09504577209235934 0.11846080844759835 0.2431503421186841 0.9312854153599892
207 2070 0.0712802719411941 0.9268243339669888 0.04260169658421691 0.04260169658421691 0.0547642353637977 0.06796555227032366 0.0840677029268821 0.0932073260207325 0.11738231863798537 0.23269314135160407 0.9268243339669888
208 2080 0.06615432205410757 0.9117020281879794 0.041330109668176455 0.041330109668176455 0.05524024314226695 0.06710957949149665 0.08149861499571948 0.09429737799747162 0.12351610741544494 0.22638687949854397 0.9117020281879794
209 2090 0.06046317481839019 0.892896420984187 0.040679956847389405 0.040679956847389405 0.054414822677904436 0.06831018026134772 0.07747039865422295 0.08899944840449062 0.12645753307215982 0.22417855240400986 0.892896420984187
210 2100 0.05854758158741624 0.8353871480341198 0.0404966711482369 0.0404966711482369 0.05486854488363758 0.06871095699666868 0.07622485304254617 0.09022359934549927 0.12009986161984061 0.22435858367913913 0.8353871480341198
211 2110 0.05203753805164689 0.8235898043704822 0.038840218914289376 0.038840218914289376 0.05433001610746551 0.06895550039899044 0.07742952243798379 0.0900705835892572 0.11770887923698174 0.21786451178512228 0.8235898043704822
212 2120 0.051450658106363276 0.7687919977633323 0.03802864249510307 0.03802864249510307 0.05457376266165413 0.06921925232762333 0.0750381022871167 0.08968871219469136 0.117441760313126 0.2124455212937575 0.7687919977633323
213 2130 0.04783480192748754 0.7594121882736522 0.038469189968816625 0.038469189968816625 0.054380022922243226 0.06690641684987361 0.0754264807993267 0.09394890409227777 0.11245904462570976 0.20768218253605272 0.7594121882736522
214 2140 0.04519865781290311 0.7190138645999995 0.03831719178144671 0.03831719178144671 0.05457376687985192 0.06484431132083157 0.07430527113566018 0.09448747712515425 0.11147122517526317 0.19939747365644225 0.7190138645999995
215 2150 0.04497858963818997 0.7188844004739154 0.036828468213304856 0.036828468213304856 0.05315725166624341 0.06239166531789267 0.073585620888048 0.09583370572387506 0.11002455897883173 0.19810405903573403 0.7188844004739154
216 2160 0.04534807060997876 0.7363933438405109 0.036608195429179716 0.036608195429179716 0.05163904415961581 0.06176590512947571 0.07059045546513987 0.09237051503661574 0.10963485634140838 0.20297597817905108 0.7363933438405109
217 2170 0.048849348487791086 0.7568436006507342 0.036144088105712575 0.036144088105712575 0.05100969974404953 0.05836917597812858 0.06847361313803184 0.09077113633614654 0.10937139054954817 0.20636206704231694 0.7568436006507342
218 2180 0.0447645550150095 0.7705418144844978 0.036649383595585894 0.036649383595585894 0.05014399615866108 0.05823992698465875 0.06750316080263245 0.09014249120431655 0.10856393722187915 0.20469299975425448 0.7705418144844978
219 2190 0.04307797766168634 0.7666481905603156 0.036388369391331846 0.036388369391331846 0.04872960157100886 0.05746724137921416 0.06512809139594078 0.08864356209593457 0.10592837431538439 0.20069508592563973 0.7666481905603156
220 2200 0.044896031892081696 0.739229889148542 0.035522686762042656 0.035522686762042656 0.0477937932235158 0.057827122915978524 0.06605092738830132 0.08689079944215475 0.10560742872770701 0.20260634145321818 0.739229889148542
221 2210 0.041538755083906004 0.7431538366612311 0.03689342000940041 0.03689342000940041 0.04896777372611015 0.05616854502764246 0.06480041844471847 0.087148211010413 0.10687567981249968 0.18803013590239542 0.7431538366612311
222 2220 0.040903510705820975 0.7121297797047099 0.036798707789973774 0.036798707789973774 0.04769336512730726 0.05567080484438586 0.06454918002741881 0.08510052430917228 0.10544199439282166 0.18069358407064032 0.7121297797047099
223 2230 0.038960594623783464 0.7165888276999536 0.036983257831153145 0.036983257831153145 0.0473304988785874 0.05609998862713495 0.06415674342651895 0.08311107863921981 0.11034139509789515 0.16587513717743294 0.7165888276999536
224 2240 0.03477969442453533 0.7155271112238054 0.03755177609682753 0.03755177609682753 0.04485674400882209 0.05447164622658457 0.0645717285443923 0.08023510511201397 0.11072880730610983 0.15955398723384887 0.7155271112238054
225 2250 0.038862610813063594 0.7047682827442191 0.03713682800145588 0.03713682800145588 0.04075514290919914 0.055219775649942286 0.06445294989182894 0.07788490119654688 0.1118745654901003 0.1585818141868055 0.7047682827442191
226 2260 0.04654840824928469 0.7470889774692279 0.037408299409245706 0.037408299409245706 0.03900559489042471 0.05371630001877022 0.06350676122497888 0.08072677633954854 0.11148172626647614 0.16073724106473103 0.7470889774692279
227 2270 0.055529122353280086 0.784955326874821 0.037527401563900706 0.037527401563900706 0.03879572263461356 0.053851202197015335 0.0627418355734496 0.07789025424922134 0.11115930113111018 0.15982171805346665 0.784955326874821
228 2280 0.06326459380545191 0.7933072983799647 0.03674883786886756 0.03674883786886756 0.03849362654337721 0.054039013289927884 0.06185629054761543 0.07817103200289877 0.10953566555170428 0.1599603204315144 0.7933072983799647
229 2290 0.06896516844888559 0.7780229795484123 0.0360633330703572 0.0360633330703572 0.03820195008443208 0.05280493946578971 0.06142861293498274 0.07534005285494348 0.11052546326378558 0.16089570083106475 0.7780229795484123
230 2300 0.07153580168271036 0.8052540872211442 0.03472835893463753 0.03472835893463753 0.03857987586461561 0.048420863348023195 0.0597033578908783 0.07361481055921573 0.11214167982389933 0.16271796229885352 0.8052540872211442
231 2310 0.0617548683521771 0.8353806729532011 0.03477364817185393 0.03477364817185393 0.03742147947797311 0.047599440519705515 0.05891045821658804 0.07289264755463945 0.11018220855080098 0.16332521161015837 0.8353806729532011
232 2320 0.05968887319634296 0.8466181273253579 0.03445079066868793 0.03445079066868793 0.03579505975049855 0.04766147991725287 0.057325968799491145 0.07304562724309444 0.10599108868133708 0.1549741838688003 0.8466181273253579
233 2330 0.057558606693680486 0.8436264141304397 0.034210105685260186 0.034210105685260186 0.0357698337802725 0.04751727917042266 0.05747328649571184 0.07425600930003215 0.10495297528212044 0.1531842054887579 0.8436264141304397
234 2340 0.056243405474621644 0.8158672324444743 0.034263137977186206 0.034263137977186206 0.03521498427472917 0.04723927312371451 0.056218411373113654 0.07447587797333396 0.10651743947307053 0.14903477642354657 0.8158672324444743
235 2350 0.05191913269855436 0.8491719304636443 0.033518543804712544 0.033518543804712544 0.034709536236774426 0.04636872581015246 0.05743475299515058 0.07443652439202071 0.10438115423146216 0.14138849572674453 0.8491719304636443
236 2360 0.049226645366312716 0.8448366616681056 0.03319618927107232 0.03319618927107232 0.034661723955168665 0.04542686133492768 0.055879645247424434 0.07478834391721376 0.10183138951404429 0.1340030943182993 0.8448366616681056
237 2370 0.046252583724231175 0.8170283317420911 0.03297053305230219 0.03297053305230219 0.03451280201481583 0.04481578876022543 0.05526674222074895 0.07589854734153509 0.09859191551871065 0.13227127518782514 0.8170283317420911
238 2380 0.04218845733366695 0.8073820174854378 0.03302116522705141 0.03302116522705141 0.033828244856706415 0.04395886635174772 0.05478335544952104 0.07892156524585432 0.09405005376126677 0.1300076464476326 0.8073820174854378
239 2390 0.04083597084216422 0.8343988047509091 0.032326506808498176 0.032326506808498176 0.032700793421678115 0.04372985292772388 0.05414350106382798 0.07729497834193357 0.09354464476162377 0.12284083352476276 0.8343988047509091
240 2400 0.03587264168741317 0.8362307645816306 0.031105789618790704 0.031105789618790704 0.03326890150912703 0.04437278417301499 0.0523999534617352 0.07717673288350414 0.09340096094930614 0.11787236982748815 0.8362307645816306
241 2410 0.03322724848554501 0.8026463144902969 0.030161883107499652 0.030161883107499652 0.03298411095806663 0.04303288714008978 0.052227920926522696 0.07577906361529137 0.09282768272931514 0.11424341688760122 0.8026463144902969
242 2420 0.032089042304308875 0.7836029497090917 0.03044513389800113 0.03044513389800113 0.03204182769596027 0.043014777120634305 0.05029674908585987 0.07454136726621685 0.09281904740048384 0.11068011046977448 0.7836029497090917
243 2430 0.03368347001199471 0.7772521764507828 0.02925834220966286 0.02925834220966286 0.0314460412563612 0.04295922095758707 0.052950080328657875 0.07404363444318483 0.08726348598342622 0.10852415960331963 0.7772521764507828
244 2440 0.037790315114655554 0.8284984353382446 0.029033009909797448 0.029033009909797448 0.03161906648648064 0.04255642656675948 0.05306113999467844 0.06996494789709795 0.08726952111056359 0.10632782196691863 0.8284984353382446
245 2450 0.03782467751659074 0.9061607625865465 0.028433561957346042 0.028433561957346042 0.03132212010225016 0.041000463152355705 0.05398757550341884 0.06518362622829496 0.0874766611937456 0.10817172865200538 0.9061607625865465
246 2460 0.036336503232128975 0.9107562614942879 0.029102831190953124 0.029102831190953124 0.031860561217522405 0.038692932752791835 0.05340677683239134 0.06302491124364284 0.08668961560080034 0.10778737849246718 0.9107562614942879
247 2470 0.035598493108213884 0.9148342372634353 0.028812911575313377 0.028812911575313377 0.03169750752391297 0.03786987942608195 0.04968794686397537 0.06295278543368174 0.08557388245375587 0.10801196543096153 0.9148342372634353
248 2480 0.03449021052262154 0.9235045892504463 0.02918626031130418 0.02918626031130418 0.03176978355124607 0.03683259941036685 0.04702219093490071 0.06183987670539468 0.08575657808705026 0.10910801774900539 0.9235045892504463
249 2490 0.03665612019183822 0.9279429710883063 0.028930411766298486 0.028930411766298486 0.030836200219092943 0.035713775190580464 0.045972237457693514 0.06201731362798273 0.08203359874141977 0.10940718192551885 0.9279429710883063
250 2500 0.03468152801477358 0.9535922506431755 0.028472507946986223 0.028472507946986223 0.030038078377032734 0.034993604349781604 0.04572218429970012 0.06134183205249885 0.0851661440367125 0.10542402062332581 0.9535922506431755
251 2510 0.03263004106155885 0.8966682694835465 0.028608296810617807 0.028608296810617807 0.029952940342543012 0.03495662219956912 0.045892320988266046 0.060887760651121975 0.08418571094731153 0.10035838289739166 0.8966682694835465
252 2520 0.02962278103114968 0.8846442463665529 0.02870518107200609 0.02870518107200609 0.030187189971400123 0.034687325045207336 0.045358212408519956 0.05947699219195455 0.08337881835203521 0.09852868722325538 0.8846442463665529
253 2530 0.02792913397296053 0.8497679557932303 0.028876901057679174 0.028876901057679174 0.030166615712081627 0.034416586222573924 0.04491511751849643 0.059268979794914266 0.08357480705648641 0.09332627030464845 0.8497679557932303
254 2540 0.024345476948805397 0.8075216147662054 0.02864470356545062 0.02864470356545062 0.029975552209303265 0.03250549389563831 0.0443168321876902 0.061284522298826985 0.08330955624749477 0.09329946819497024 0.8075216147662054
255 2550 0.02385408973309427 0.8006086615603029 0.02862281519278997 0.02862281519278997 0.029814699952204187 0.03223643674155018 0.04236524002525678 0.06117193466939129 0.07861373011434428 0.09100881381302088 0.8006086615603029
256 2560 0.022964394743867887 0.8085111799680441 0.0278634892988238 0.0278634892988238 0.028513852039316914 0.03317351849444208 0.04056841107336534 0.061354155139757276 0.08041156263520056 0.08921625345665515 0.8085111799680441
257 2570 0.022248950744026302 0.8158251880503792 0.027380805059536623 0.027380805059536623 0.028431702722042446 0.03279373424127672 0.039860092376592625 0.061628441949620534 0.07827313093591487 0.08591411587549741 0.8158251880503792
258 2580 0.023921337441478556 0.8411345431380627 0.026957652625682362 0.026957652625682362 0.028971230458372764 0.032495901008344735 0.03939839683458562 0.05942786892413933 0.0786863353813035 0.08243560397358926 0.8411345431380627
259 2590 0.024842058404062256 0.8727889204875309 0.026001175785658623 0.026001175785658623 0.02865204896446961 0.0333045362959649 0.03885956807681594 0.05923300442958797 0.07773024400438404 0.08266318758065397 0.8727889204875309
260 2600 0.0278902880077792 0.8984980442477588 0.02588916912723843 0.02588916912723843 0.027774540857315365 0.03366271808775881 0.03922606410471588 0.05859543922894458 0.074188660860314 0.0803644298290487 0.8984980442477588
261 2610 0.029789107281567535 0.9423727701012119 0.02647745600874911 0.02647745600874911 0.028426445634782624 0.03291400326878821 0.039350543255900566 0.05751512902348603 0.0736429814557752 0.08051389823312356 0.9423727701012119
262 2620 0.032256724212679784 0.9515225691627976 0.02614106772687159 0.02614106772687159 0.027972261679902036 0.0333738570745746 0.039437068270461145 0.05766924603325999 0.07387345206934112 0.07692923680865993 0.9515225691627976
263 2630 0.03253274306954555 1.0149718769277603 0.025975861024023838 0.025975861024023838 0.027654138410827644 0.031244494242908257 0.038473761687249065 0.056242836785099885 0.07458897109754119 0.0769298054939017 1.0149718769277603
264 2640 0.029943035499126986 1.044719417659497 0.024600160278692725 0.024600160278692725 0.027646297354518456 0.03076575202321968 0.038138446364263 0.05294562155377989 0.07235415236254035 0.0777111766232249 1.044719417659497
265 2650 0.02812269632826468 1.009625724406139 0.023703959892596417 0.023703959892596417 0.026848987055909587 0.030423354348232193 0.03818202879677557 0.051732837715243056 0.0727725063510715 0.07988980764728472 1.009625724406139
266 2660 0.02460756064194069 0.9796696559270671 0.024407798847497077 0.024407798847497077 0.0266930100408955 0.029500930116147826 0.03803476941709553 0.05102837882848765 0.07173291792829382 0.07901686603906619 0.9796696559270671
267 2670 0.023261311676850267 0.9864625821470062 0.024189537347614535 0.024189537347614535 0.026113229002542062 0.028997763618012852 0.03749145455873133 0.04853156953016064 0.07159319686409348 0.07788137467697688 0.9864625821470062
268 2680 0.02276369928046273 1.008909025696919 0.023665080786692088 0.023665080786692088 0.025335202167927024 0.02888709978498201 0.036996890192416435 0.04814694506745495 0.0707973021989444 0.07779147623830886 1.008909025696919
269 2690 0.02196685119890387 1.01428938190675 0.02268838892709119 0.02268838892709119 0.024856021814408095 0.029104837302582363 0.036065763190092824 0.04641879187651319 0.07037702536237096 0.07915047928332958 1.01428938190675
270 2700 0.020844541833362557 1.0005631515327107 0.022312958474438163 0.022312958474438163 0.02623397506881701 0.02837877064656166 0.03555661132534021 0.04407647132463946 0.06875088299086009 0.07847479839641656 1.0005631515327107
271 2710 0.020252841700965994 0.9678945522021226 0.021231613479055517 0.021231613479055517 0.025888359783190252 0.029085906918479412 0.03393726243879424 0.0437085282741031 0.06910203853204261 0.07808366038046265 0.9678945522021226
272 2720 0.02044370325094526 0.9721858253715217 0.020981890763247846 0.020981890763247846 0.02540972690347491 0.02938560422282921 0.034304279316109514 0.043127453823466035 0.06888109867604174 0.07248538219698442 0.9721858253715217
273 2730 0.021706573133250695 0.9884308104365193 0.02008395026904829 0.02008395026904829 0.02412889079775157 0.03034414840356795 0.03467041714323084 0.04357267378645001 0.06686749024632349 0.07125308848217528 0.9884308104365193
274 2740 0.021598148095327167 1.006251653959555 0.018448455647858804 0.018448455647858804 0.025152122755137094 0.030595977217692368 0.035026441907675065 0.04337629578063822 0.06691297944717166 0.06910224084175332 1.006251653959555
275 2750 0.020950688558557886 1.0091997756540205 0.017950765210944377 0.017950765210944377 0.025095423697112918 0.030971789621624522 0.03496627563043649 0.04637166443111142 0.062332255072601525 0.06838928526925996 1.0091997756540205
276 2760 0.021216307374770843 1.0454816448985613 0.01778114765502585 0.01778114765502585 0.02482036622098236 0.029251515436461727 0.0340765732926499 0.046158293183831696 0.06217410274391654 0.06640245252577952 1.0454816448985613
277 2770 0.02114939855705533 1.0432550340388262 0.017794906735864598 0.017794906735864598 0.025538364603183514 0.029812519875806874 0.03452106759418688 0.04442287997699193 0.06149697731477742 0.06487641508716899 1.0432550340388262
278 2780 0.021030457472219093 0.9539493827696963 0.01756473014352301 0.01756473014352301 0.02572323923775209 0.028808469777555572 0.0345782840418202 0.0441575485792602 0.06402603085801449 0.0655749992372919 0.9539493827696963
279 2790 0.02127076668271413 0.968062575986986 0.016676264524731397 0.016676264524731397 0.025926326167860916 0.02925915690185727 0.03401441802921262 0.04225175337430436 0.06353601547079875 0.06607231357299351 0.968062575986986
280 2800 0.0201029638352451 0.9381366772882355 0.016860147817470198 0.016860147817470198 0.02572330139219757 0.029041668485569532 0.03435900361642181 0.041954658273566925 0.061438922788530505 0.06598092111582016 0.9381366772882355
281 2810 0.019476730271660542 0.9420238252866446 0.016907215686974342 0.016907215686974342 0.02520859882878638 0.02923540444912407 0.03264427249706346 0.0407814324269687 0.06090757499762161 0.06463666867470225 0.9420238252866446
282 2820 0.018744820675036272 0.9471693089811062 0.017006529556045428 0.017006529556045428 0.025574873082853604 0.028699074049493907 0.0326698117150962 0.03983779270402012 0.05841711479352824 0.0632908459954464 0.9471693089811062
283 2830 0.017901798227337718 0.965871130831761 0.01591247301538532 0.01591247301538532 0.025413032884299677 0.028759305516079206 0.031996476239514654 0.039154120568155065 0.05671359571023002 0.06374133126439956 0.965871130831761
284 2840 0.017667627352628206 0.9725161311701753 0.01659356267219672 0.01659356267219672 0.024805033023714996 0.02837468817667029 0.030685412859457493 0.03917593018580757 0.05377888866826301 0.06228680138588842 0.9725161311701753
285 2850 0.01736630454601257 0.9419774153401005 0.016956010644721263 0.016956010644721263 0.024456581565895842 0.028055455682597947 0.030207944526349208 0.03913687496812899 0.05371741799310348 0.06097721667510295 0.9419774153401005
286 2860 0.01704708829505285 0.9243288702350899 0.01750888922676321 0.01750888922676321 0.024163725635369077 0.027246897592128224 0.029591655597339585 0.03799670359968142 0.05146259727382595 0.06140002176436671 0.9243288702350899
287 2870 0.01610824953802775 0.9200681872935428 0.01822498161637616 0.01822498161637616 0.023523651828792434 0.026227700913563183 0.02929338915241042 0.03926973287991022 0.052049431501161314 0.059314451332525796 0.9200681872935428
288 2880 0.01557897966797184 0.9170395904454829 0.01805816584458097 0.01805816584458097 0.02425977758687186 0.02569199910597278 0.028317673309104785 0.038852675050180994 0.05001132807603915 0.05881337991724207 0.9170395904454829
289 2890 0.013970412452236503 0.8688097274904306 0.018925292563013084 0.018925292563013084 0.02460679571536585 0.024752539538001606 0.02716967248191399 0.03848896056959173 0.04899123454487731 0.059083388241031064 0.8688097274904306
290 2900 0.0134268809994868 0.8804607788340977 0.018945731917723398 0.018945731917723398 0.023849479128136127 0.024038884217515696 0.02696892497964612 0.038392081483379324 0.04757087109294621 0.0579575037835775 0.8804607788340977
291 2910 0.013912964754534176 0.8880560876099437 0.018464067417652573 0.018464067417652573 0.0230565298271122 0.02356809699133834 0.02692816789271314 0.038372447510173 0.04702590755911474 0.057799197028367263 0.8880560876099437
292 2920 0.015213397689846609 0.896822168420776 0.01850643812274582 0.01850643812274582 0.022857698201183944 0.023409539556345126 0.02753900302033699 0.03780015292181008 0.04438938468705278 0.05810156452025633 0.896822168420776
293 2930 0.015617715772004851 0.9607590844951223 0.01741192855580192 0.01741192855580192 0.022523428655216466 0.023299949407583863 0.028061123196541204 0.0386421303125827 0.04399899419856657 0.05645773323195717 0.9607590844951223
294 2940 0.015574059134551293 0.9348324929166357 0.017261055681992273 0.017261055681992273 0.021841076322502952 0.024174397476691114 0.027887827657902566 0.03842107481558411 0.044678128089298975 0.05333997431792729 0.9348324929166357
295 2950 0.014706369904185666 0.9315355600582542 0.01709513710420764 0.01709513710420764 0.021618377607628882 0.02397803657107758 0.02789476826364528 0.03821420310597297 0.04422720880021746 0.05207228344468789 0.9315355600582542
296 2960 0.015016390045170799 0.9311499057419701 0.017049211551949887 0.017049211551949887 0.021720334525106865 0.023649248519137453 0.027464415986461637 0.03526959681509549 0.04342616199168025 0.05167742523867383 0.9311499057419701
297 2970 0.015077518421096505 0.977066602291031 0.016812419152540677 0.016812419152540677 0.020892355077834743 0.022520103077869134 0.027254282364036576 0.03512428293867438 0.043959102038257196 0.05154738041561899 0.977066602291031
298 2980 0.014166001822698216 0.964278966367335 0.01675510508771184 0.01675510508771184 0.021259940888628155 0.023562123363235113 0.02743166958247985 0.034216879242092324 0.04378090060239409 0.0484731923817688 0.964278966367335
299 2990 0.013545401637606631 0.9598678036356602 0.016614998629936317 0.016614998629936317 0.02066592939074868 0.022762601219321096 0.02693414286232268 0.03425962753205243 0.042712683963514964 0.04813888557954326 0.9598678036356602
300 3000 0.013018334895084988 0.9789848430295086 0.016639887072104956 0.016639887072104956 0.020189941553782967 0.022436128363070847 0.02612587559055569 0.032743479159713595 0.04259743082999801 0.04732129333889585 0.9789848430295086
301 3010 0.01245676930412337 0.9644897516379818 0.01661852018390715 0.01661852018390715 0.019990682956329383 0.022193102842425646 0.025792230876437026 0.03125859747167422 0.042757324626918586 0.04568505553031215 0.9644897516379818
302 3020 0.01080595757419566 0.9617360548993477 0.016774739314488044 0.016774739314488044 0.019014168618551135 0.02246854536800331 0.024403409529482115 0.03065752749005153 0.04173143865305796 0.045561408563887865 0.9617360548993477
303 3030 0.010116897469135126 0.9613503496733294 0.016416487886389358 0.016416487886389358 0.019238657093893066 0.022002720530717328 0.024509875545454207 0.03010657284631678 0.036800122402104674 0.04518776798167269 0.9613503496733294
304 3040 0.009403046344066895 0.930896029169866 0.016504467438953375 0.016504467438953375 0.01889323469631037 0.020723839152862394 0.02421555761930332 0.02984551707219595 0.03747652262351539 0.0456723953529212 0.930896029169866
305 3050 0.008144226028175758 0.8987488665817365 0.01586948443775033 0.01586948443775033 0.018046957302082067 0.02041936677734405 0.024215126620702118 0.029723320262152568 0.03832727962595334 0.04548029231431458 0.8987488665817365
306 3060 0.0072913891789362925 0.8962264952900973 0.015333317890325895 0.015333317890325895 0.01751577419652748 0.02013350723295012 0.024110053486364642 0.028004450735211336 0.03823188510537121 0.04564828562027083 0.8962264952900973
307 3070 0.006576805631838511 0.9021325301018881 0.015284505064730919 0.015284505064730919 0.01739227569732782 0.019161294854278192 0.023837441157206762 0.028197538150261024 0.03769252999725542 0.04405003004410526 0.9021325301018881
308 3080 0.006312586287712441 0.8601613080565998 0.015040489041503652 0.015040489041503652 0.017172502707814105 0.018250714858434495 0.02347262452795886 0.028157756209550952 0.03796743387233854 0.04343564306037084 0.8601613080565998
309 3090 0.005898094737203488 0.8937604622563128 0.015011552602516772 0.015011552602516772 0.01692593673502709 0.018274389420071355 0.02339148142120342 0.027968455024237497 0.035585792751107785 0.04194518868246298 0.8937604622563128
310 3100 0.006037286829629077 0.8890669192095574 0.014265421268853946 0.014265421268853946 0.016659144734002467 0.017868066686494682 0.022505759507298835 0.028862507260015092 0.03511018772029873 0.04137931799186017 0.8890669192095574
311 3110 0.006046324821924098 0.8653712067896663 0.014195957236173638 0.014195957236173638 0.016733128317316905 0.018121891403239693 0.022753385725066577 0.028114853020633802 0.03643293411714229 0.039936898577876766 0.8653712067896663
312 3120 0.005555791853852967 0.8774593147843407 0.01360313032919897 0.01360313032919897 0.01692540569551538 0.018007093700645006 0.021861725564630532 0.027521892762892054 0.0362452580742894 0.04032447860024912 0.8774593147843407
313 3130 0.005229904366726308 0.8758053730432872 0.01424341336965178 0.01424341336965178 0.016972115735878056 0.017986705967316 0.020876289778642997 0.026135586080967513 0.03362818816316988 0.04012193709029995 0.8758053730432872
314 3140 0.0060385509925860135 0.8765246744739671 0.014009987431643781 0.014009987431643781 0.016488620430510727 0.017199358264521243 0.02019118182692431 0.025656658628310756 0.033864204348206285 0.03948541009237023 0.8765246744739671
315 3150 0.0065850881103681706 0.8581378891860932 0.013951565814927484 0.013951565814927484 0.01584584179619895 0.017698329285474854 0.020107533261535276 0.026547179826094575 0.035748615043439465 0.03928532396943125 0.8581378891860932
316 3160 0.006481771992828335 0.8606582371278424 0.013735265309874638 0.013735265309874638 0.01626457930683979 0.018103370698432375 0.020640677163862108 0.02566282723259861 0.03491273638843961 0.03806226194257348 0.8606582371278424
317 3170 0.0064083023136150925 0.8426285640411003 0.014086219856260303 0.014086219856260303 0.015530340867722195 0.01789742257521418 0.020824011079573563 0.02525903954491023 0.034685455017918886 0.037049702649691534 0.8426285640411003
318 3180 0.005719967289160855 0.8335315174569261 0.013867177023746227 0.013867177023746227 0.01483992405611755 0.017710054304684704 0.020700018969441007 0.024798798975439094 0.03504834939916274 0.03668305226198522 0.8335315174569261
319 3190 0.005560726703657329 0.8312494375732848 0.013130188907587688 0.013130188907587688 0.014427122752467802 0.017775468759422288 0.019643483911445436 0.024405640386929814 0.03491869363550506 0.036044442641180875 0.8312494375732848
320 3200 0.005135752480900748 0.8515205014047541 0.01270645371629015 0.01270645371629015 0.014475384026069526 0.017771430968869014 0.0194272559487967 0.02465618300081956 0.03211043199812727 0.03691661860806 0.8515205014047541
321 3210 0.004768796100261779 0.8539908225296452 0.012976863881453872 0.012976863881453872 0.013652944346742408 0.01771493641997164 0.019311829554562808 0.024785922691939074 0.03167882549508827 0.0354258048294355 0.8539908225296452
322 3220 0.0042656186125462885 0.8218087686965294 0.01250276903703543 0.01250276903703543 0.013444412443752843 0.017752809871715014 0.019300967841369747 0.024534768123094595 0.03103093607106844 0.03503995135229163 0.8218087686965294
323 3230 0.003890860297104639 0.7963253743437243 0.012461786127570144 0.012461786127570144 0.012829506028372205 0.0174354232248276 0.019150663979770922 0.024254310207542276 0.030626801760328698 0.035075630085983356 0.7963253743437243
324 3240 0.003834154596096884 0.776575292212961 0.012497889641113206 0.012497889641113206 0.01312828978098469 0.01706152895144929 0.018195527168108343 0.024390892999052744 0.028699394958900896 0.03648642267945779 0.776575292212961
325 3250 0.0034061224862625326 0.8085068282665547 0.012367119234356728 0.012367119234356728 0.012899410520810095 0.016607925071632702 0.017863816220925963 0.024294556270500464 0.02967381879578901 0.03523417018895737 0.8085068282665547
326 3260 0.0031192759423980983 0.7778066147006766 0.012105740912483112 0.012105740912483112 0.012470141853504273 0.016306515907848977 0.017629289274809702 0.02440058948769797 0.02937256061303008 0.03445435393322829 0.7778066147006766
327 3270 0.0028352257967801902 0.7765932284403771 0.011266812330967761 0.011266812330967761 0.012141887853706942 0.016056348222427526 0.01774757925969074 0.024063082755712496 0.028933655405044133 0.03458960352303369 0.7765932284403771
328 3280 0.0026686461338928835 0.7748165044782271 0.011152571165532874 0.011152571165532874 0.012076432614989677 0.016092634052015282 0.017358844046636977 0.02318583129014679 0.026584182603385437 0.03457312451139503 0.7748165044782271
329 3290 0.0023988260061837247 0.7699152697393478 0.0109433535973237 0.0109433535973237 0.011550047327897314 0.0158367698966526 0.017879547138973585 0.0232563877141007 0.025858097764956175 0.03406621845224538 0.7699152697393478
330 3300 0.002149465732516343 0.7662050359248832 0.01025490951468522 0.01025490951468522 0.011691134192811089 0.01576606060916841 0.01723329726956825 0.022849955039164527 0.025944883673387265 0.032876946762055846 0.7662050359248832
331 3310 0.0019924269606011783 0.7398400940496027 0.009968605723879044 0.009968605723879044 0.011384647722871436 0.015720614779699067 0.01696767863688788 0.022429885163199447 0.024811124434693868 0.033451399494470374 0.7398400940496027
332 3320 0.0018738684463451842 0.7443018314873322 0.009456548992133247 0.009456548992133247 0.011210438898467947 0.015765161636098597 0.01637969153381386 0.022549093772398693 0.02458827721301297 0.03294014118564613 0.7443018314873322
333 3330 0.001883279757539633 0.7267182822919711 0.009624523472610991 0.009624523472610991 0.010800310330979682 0.015527598720845677 0.01618574337985825 0.02212587359083316 0.024508939868238024 0.03211332886680665 0.7267182822919711
334 3340 0.0019440682974883837 0.7292951668275347 0.009840658068636649 0.009840658068636649 0.010739255804747083 0.015116664864190695 0.015959700051400603 0.02218411556490555 0.0235937378527196 0.031739945278010176 0.7292951668275347
335 3350 0.0019130134619100565 0.706709375399033 0.009276406220667303 0.009276406220667303 0.011888723425441039 0.014773371468083054 0.01587393557045618 0.021847865382546766 0.02339654221947126 0.03174377545182972 0.706709375399033
336 3360 0.0017571091965624117 0.6929188349071798 0.009228086187182346 0.009228086187182346 0.011885870701339821 0.013789098331314703 0.015481477641240977 0.021855848098687094 0.0236316114233564 0.031839911226743206 0.6929188349071798
337 3370 0.0016600669590054948 0.6842643680796895 0.009510645613428402 0.009510645613428402 0.011469585335943356 0.013508579349315592 0.014176670214466176 0.022018031689520545 0.02430362069529707 0.03198267026631318 0.6842643680796895
338 3380 0.0015054344160197334 0.6742985297438476 0.009241591576158472 0.009241591576158472 0.011333733399996184 0.013193519010710765 0.014272084751687605 0.021615465636613842 0.024323039941927898 0.03222630145529681 0.6742985297438476
339 3390 0.0014280666771068604 0.6748423831572385 0.008853337791926371 0.008853337791926371 0.010994664665571025 0.012969447591831046 0.01394123350875512 0.021052086944730784 0.0238294755180235 0.032532270542931487 0.6748423831572385
340 3400 0.0012422351568455998 0.6722995362398915 0.008892175144596068 0.008892175144596068 0.01049397118089412 0.012807782988445218 0.014527438825985384 0.02038910249553663 0.023289140561767424 0.03158995088213079 0.6722995362398915
341 3410 0.0012479825738986536 0.6742671129619108 0.008688260881863002 0.008688260881863002 0.010399239056093178 0.012760622787361052 0.014532877289573693 0.0194919771895189 0.02214668301460619 0.03169467924155466 0.6742671129619108
342 3420 0.0012828645327015323 0.6580280754457118 0.008674496743867874 0.008674496743867874 0.010540854751273416 0.012308427684150398 0.014318141089164734 0.020392710385034055 0.02233872692820939 0.03181991415576783 0.6580280754457118
343 3430 0.001322678416620826 0.6573890971928419 0.009052878324010258 0.009052878324010258 0.010040455953266638 0.012352025222089646 0.013682764444347113 0.019990664759444245 0.022433368267788592 0.03225631483722743 0.6573890971928419
344 3440 0.0014192834424607 0.6336901324197314 0.00870808390900499 0.00870808390900499 0.010211967389260754 0.012622553945712963 0.013600240678309136 0.019690011010881747 0.022406410915588214 0.032210243595039 0.6336901324197314
345 3450 0.0014209826895547769 0.6266998689175066 0.008938954977777898 0.008938954977777898 0.01022591085427846 0.012603661246589744 0.013604376581945972 0.019351441149317923 0.022348374677693142 0.03250848997577295 0.6266998689175066
346 3460 0.0013414929726920934 0.6251254608261493 0.008781607723825696 0.008781607723825696 0.01037423048165697 0.012244852160170473 0.013521255583977673 0.018093201593044454 0.02198239826294787 0.03286968290047107 0.6251254608261493
347 3470 0.0011771744882697775 0.611093463431834 0.008877900690264024 0.008877900690264024 0.010108034097957418 0.012096706316674642 0.013511998508834772 0.017901150046268396 0.02165444390049768 0.03185861215080681 0.611093463431834
348 3480 0.0011359622171758885 0.6049244961925152 0.008874497698728565 0.008874497698728565 0.009715827211024285 0.012439692269474759 0.014088915203705126 0.017180192208743547 0.020569782205769643 0.03135307963518395 0.6049244961925152
349 3490 0.001077790555236352 0.6018565925065044 0.008673860554437699 0.008673860554437699 0.009558439370023425 0.012328357382024592 0.01382065299945538 0.01708948847847657 0.020252406487071505 0.03184103297798364 0.6018565925065044
350 3500 0.0009718345133686886 0.6084511170734751 0.00866450611625968 0.00866450611625968 0.00954566401477421 0.011951508764277669 0.01335928915061814 0.0168574131817588 0.020118483035169006 0.03146362833545654 0.6084511170734751
351 3510 0.0008463075256332248 0.5856617488802054 0.00865194954929303 0.00865194954929303 0.00949467224529642 0.011813250497803558 0.01361460290894721 0.016882013406442974 0.01910045239631475 0.030573169650886266 0.5856617488802054
352 3520 0.0007798856543685053 0.5927384725828755 0.008600900908109683 0.008600900908109683 0.00938459685331601 0.011715389365453325 0.013340441785891614 0.016173730289395297 0.018756172371170683 0.02886652974116448 0.5927384725828755
353 3530 0.0006678688449020405 0.5960104816558776 0.008604558428710099 0.008604558428710099 0.008731465767189719 0.011324413971161545 0.01352212396671148 0.016304152650846962 0.01817317488184689 0.02827025203858377 0.5960104816558776
354 3540 0.0006365595445044994 0.5938839187901848 0.008631427986442414 0.008631427986442414 0.008701717477477776 0.010623259112217552 0.012925925107469404 0.01620336616605941 0.01759470672901275 0.027569570657569556 0.5938839187901848
355 3550 0.0005996008393670198 0.5969317327382242 0.008540956988632008 0.008540956988632008 0.008985624299840782 0.010653113611171178 0.012422346759665697 0.016091579067785883 0.017236360695683253 0.02670184820729344 0.5969317327382242
356 3560 0.0005666483002630064 0.6071950417437585 0.008176654804780829 0.008176654804780829 0.008983248472419427 0.01065443792612352 0.011900751979316986 0.015788912392818103 0.017666199808079236 0.025627250362650913 0.6071950417437585
357 3570 0.0005603075568252832 0.6043695522752599 0.007649799780696225 0.007649799780696225 0.008998373124503335 0.010760856160411319 0.011743775599868512 0.015422635911315137 0.017888851392816985 0.02611893149564785 0.6043695522752599
358 3580 0.0005175325544495327 0.5842220853038331 0.007490654509757081 0.007490654509757081 0.008907733900223926 0.010590300675015759 0.0114673347031236 0.015267822475810823 0.018682142456952575 0.02621593400267699 0.5842220853038331
359 3590 0.0004619297509626587 0.5813383030299376 0.007534709142946365 0.007534709142946365 0.009013175741427591 0.010488366471265042 0.011351706356053145 0.014625537128393647 0.01774704019562598 0.026178652721580726 0.5813383030299376
360 3600 0.00040211490224500426 0.5791443619131333 0.007378972352028588 0.007378972352028588 0.00890077723882928 0.010379410747105144 0.01105563725023095 0.014451650104673907 0.01762141788458125 0.025937010630120477 0.5791443619131333
361 3610 0.00043024635142365175 0.5755163159470271 0.007407618607656334 0.007407618607656334 0.008796905641843744 0.009936638717491598 0.010462702707154891 0.014065531936846204 0.0171476942775349 0.025962770339789734 0.5755163159470271
362 3620 0.00043395282368629493 0.5630692445221263 0.007846314877475254 0.007846314877475254 0.00867163988764323 0.010089844658243955 0.010492822121266069 0.01477479752242263 0.01665242382589223 0.024546755371207887 0.5630692445221263
363 3630 0.0003899295905440635 0.564109762122486 0.007812036057811473 0.007812036057811473 0.008685359067744057 0.010120010569795137 0.010688108650305677 0.014115205818597501 0.016212103750914614 0.023620118281985316 0.564109762122486
364 3640 0.00036823239795757653 0.5642736048113792 0.00774056490549591 0.00774056490549591 0.008420973334700512 0.009690343930107582 0.010493300820268581 0.013948426374835789 0.016455611416790854 0.02265199894518823 0.5642736048113792
365 3650 0.000337168143102685 0.5475317215282095 0.007814802926443258 0.007814802926443258 0.008613271444889508 0.00938838067896522 0.010218089845523439 0.013675871353509625 0.01648991911098321 0.02237424608656155 0.5475317215282095
366 3660 0.0002854488410653415 0.5390886982431541 0.007606193886654487 0.007606193886654487 0.008760535023335491 0.009314953983857576 0.00998243248492669 0.013003997207666025 0.016265452135075045 0.022314740109392165 0.5390886982431541
367 3670 0.0002580786712967064 0.5346461860313506 0.007348417281370521 0.007348417281370521 0.008760800609955972 0.009079855805651831 0.00976387573041652 0.012516292998763381 0.015544738474904082 0.022816689217997094 0.5346461860313506
368 3680 0.0002498750249596223 0.521936943718832 0.0069219559322063725 0.0069219559322063725 0.008686746389632738 0.009331201123777486 0.00938159749781533 0.01254391888792281 0.015479972387467197 0.02222922884216145 0.521936943718832
369 3690 0.00022541110299816223 0.5221071278291286 0.006656687670328913 0.006656687670328913 0.008567708602429683 0.00916155275388167 0.009830593361707681 0.012505117207723916 0.014629747530275525 0.02188286725166845 0.5221071278291286
370 3700 0.00020460256983750413 0.5208844036817095 0.0066192210806910465 0.0066192210806910465 0.008188702612630622 0.009174669778963248 0.009608167041944733 0.012292704646016497 0.014121671638210842 0.021684630336152165 0.5208844036817095
371 3710 0.0002077029415111949 0.5116934348314847 0.006601387441148115 0.006601387441148115 0.008205821729435507 0.00895419084923483 0.009118016195158087 0.012114458882517512 0.014292985060519802 0.02101792437906893 0.5116934348314847
372 3720 0.00019385390763781743 0.4999217814434967 0.0065768128869063205 0.0065768128869063205 0.007997096437644846 0.008861583190684677 0.00938531707252381 0.011934075668124563 0.014226811695816282 0.020467798857453156 0.4999217814434967
373 3730 0.00018470015203231362 0.5101714981743702 0.006402826741564679 0.006402826741564679 0.00769550505642672 0.008660981054784921 0.009062857662749673 0.011953511444695064 0.014114187236088135 0.019877323099190613 0.5101714981743702
374 3740 0.00016447526203701535 0.5110106891893124 0.006273805821727082 0.006273805821727082 0.007666396144899489 0.008114121118307711 0.008708177816546753 0.012201121629242629 0.014001502270029678 0.020523121522539798 0.5110106891893124
375 3750 0.00014576246099878514 0.4936461725209782 0.00601875474999879 0.00601875474999879 0.007624025468014015 0.008146041100468675 0.008560229366568596 0.012108057405025954 0.013685773651672173 0.020023444053143494 0.4936461725209782
376 3760 0.00014692861399330647 0.4893612594683006 0.005874871519093068 0.005874871519093068 0.007624186678295749 0.008001913703478062 0.0083044136223942 0.012082590361407802 0.013121979275490091 0.019628891254873743 0.4893612594683006
377 3770 0.0001388334523622063 0.4815470721547628 0.005732483046136101 0.005732483046136101 0.007629734442452555 0.007975561302004861 0.008313140881245058 0.01232338965105337 0.013099737690202031 0.01904518132186035 0.4815470721547628
378 3780 0.00012550696005239566 0.48204091901336793 0.005518978727981847 0.005518978727981847 0.00774990486348103 0.007830415890845694 0.008243534256502677 0.012349213629717247 0.0129126232055908 0.01806132226512767 0.48204091901336793
379 3790 0.00010832853222652924 0.4582693322528262 0.005617184849038183 0.005617184849038183 0.007675313247968417 0.007863882874662156 0.008244897265472215 0.011740432457031845 0.012494137544071695 0.0176438383666452 0.4582693322528262
380 3800 9.83066804062329e-05 0.45774070682207946 0.0054899404834238144 0.0054899404834238144 0.00737373959049869 0.007869493184227238 0.007949694064700644 0.01161124222522361 0.012151312454015305 0.017408090852183884 0.45774070682207946
381 3810 9.386096231310552e-05 0.46514939741284295 0.005413950365603183 0.005413950365603183 0.007355952816583491 0.0073831221249205685 0.007809200798303956 0.011502772099507126 0.012109587277601953 0.016405807103784573 0.46514939741284295
382 3820 8.249858934195917e-05 0.45365335987825095 0.0051689033294640896 0.0051689033294640896 0.007059681191777405 0.007217031474380333 0.007987641030512495 0.011359354764373417 0.012216037347561388 0.01652133011452108 0.45365335987825095
383 3830 7.60653084625783e-05 0.43656403603526034 0.0051401514992291545 0.0051401514992291545 0.00676151694024517 0.007065370929414528 0.007835787437511985 0.011018857264828414 0.012043201074210419 0.01692434129384126 0.43656403603526034
384 3840 6.922628857872732e-05 0.422055915285838 0.005148190131357013 0.005148190131357013 0.00646569784184259 0.007126507571215223 0.007611979170982482 0.010998229378608657 0.01197182544036418 0.016648591659583264 0.422055915285838
385 3850 6.248117670514323e-05 0.4058968742812358 0.005115881938928394 0.005115881938928394 0.006343874614011523 0.006803788621442703 0.007528861462538959 0.011056864491020968 0.012072450762177073 0.015687941870749077 0.4058968742812358
386 3860 5.8888018799347844e-05 0.39961729810947844 0.005005144959402028 0.005005144959402028 0.006460051252540862 0.006883471760644049 0.007208279097000107 0.010765396857020744 0.012204683112886366 0.015078617831413824 0.39961729810947844
387 3870 5.647233355640152e-05 0.3637449453862025 0.00490805795725416 0.00490805795725416 0.0065230545348134335 0.006659836690619983 0.007096695171683449 0.010854630023568833 0.01254041198145889 0.015245275723755246 0.3637449453862025
388 3880 5.089392420518803e-05 0.3573176700723372 0.004793479900913645 0.004793479900913645 0.0062822312388379365 0.0068395919165758 0.007075507508954626 0.010371069807425254 0.012406778507960091 0.01533624357451794 0.3573176700723372
389 3890 4.439462277783298e-05 0.33679269060060374 0.004778065634907427 0.004778065634907427 0.006097624816371298 0.006787795986934114 0.007043431714054813 0.009937350681341037 0.01230914579501653 0.015628552905632902 0.33679269060060374
390 3900 3.894038565823889e-05 0.3381650874569218 0.004864478125411605 0.004864478125411605 0.006063307022885103 0.006541579872762509 0.006965556617051361 0.009499258815430867 0.012164965556414314 0.015217977970977726 0.3381650874569218
391 3910 3.6497542342885316e-05 0.3206593721526496 0.004711615258077464 0.004711615258077464 0.005986462229155075 0.006472307870991174 0.006727286363992973 0.009498767273787814 0.012271053147779326 0.014801343414150993 0.3206593721526496
392 3920 3.57627569425678e-05 0.31405440569232906 0.004515408263746297 0.004515408263746297 0.00597204219709349 0.006389547996414518 0.006772499195008296 0.009361209451269803 0.012418738677075252 0.014608225207464796 0.31405440569232906
393 3930 3.139281793182745e-05 0.30641555815038113 0.004510033802828599 0.004510033802828599 0.0057222114383509905 0.006257570888295604 0.0066660548681798555 0.00960575539011927 0.012151462261081682 0.014818935528698698 0.30641555815038113
394 3940 2.7579429840786914e-05 0.29244063750632465 0.0044715976648333055 0.0044715976648333055 0.005786234284360809 0.0061423680769856015 0.006629525240541438 0.009606456691577123 0.011441057931724577 0.014474086384327076 0.29244063750632465
395 3950 2.3920442917305613e-05 0.28897174865517267 0.0043432296113714705 0.0043432296113714705 0.005648535179803669 0.006096601439633368 0.00661364153087515 0.009237683745284012 0.011189825495843918 0.014651815201886353 0.28897174865517267
396 3960 2.1316317623622957e-05 0.2853141102707095 0.004408575974817791 0.004408575974817791 0.005509679809659776 0.005984981274258986 0.006240654154559853 0.009080463297901693 0.011048373183927996 0.014410922195797217 0.2853141102707095
397 3970 2.0011250190395215e-05 0.2841685583876218 0.004418293801146713 0.004418293801146713 0.0054398330576303855 0.005847247331803153 0.00622306044739771 0.0088166658143134 0.011037466147925975 0.013414808830522743 0.2841685583876218
398 3980 1.850801752377913e-05 0.2654295340520517 0.0045054359145473705 0.0045054359145473705 0.005306896216020179 0.005828884971808424 0.006209706794438331 0.008572327165946561 0.010885055871709555 0.013006775949583571 0.2654295340520517
399 3990 1.6517546890063876e-05 0.2654686808663773 0.00454346023416642 0.00454346023416642 0.005275943684341583 0.005651873141912218 0.005987586597937559 0.008372691334335068 0.010743229483396769 0.013120762890622587 0.2654686808663773
400 4000 1.4469921648111314e-05 0.2594472841828675 0.0045118169641924066 0.0045118169641924066 0.005205099711124209 0.005546810817818975 0.005880824196501946 0.00823343891128553 0.010561918413216808 0.012754743230420315 0.2594472841828675
401 4010 1.2782184987882496e-05 0.2564788038040228 0.004472810442657727 0.004472810442657727 0.005018479538046128 0.0052919554841082805 0.005726787521782795 0.008148332839462025 0.01034749908089322 0.012793436062042423 0.2564788038040228
402 4020 1.1207855366265497e-05 0.2475021055293423 0.004329090667605706 0.004329090667605706 0.004936224173028369 0.0051888357093138986 0.00573094407339581 0.008088998971081405 0.010377472155175947 0.012481301350330692 0.2475021055293423
403 4030 9.465436196663233e-06 0.2377497588152297 0.004274416383966903 0.004274416383966903 0.004773228829843148 0.005104941487421537 0.005684150833032157 0.007806807657799131 0.010390798020721743 0.012507048533540474 0.2377497588152297
404 4040 8.74583283443835e-06 0.23652615746366756 0.004218536720695043 0.004218536720695043 0.004761485216795055 0.005021449295041363 0.0055922387916979895 0.007452517386779808 0.010114166771978279 0.012190897735148214 0.23652615746366756
405 4050 7.78181347990069e-06 0.23391914055733753 0.004161509284454148 0.004161509284454148 0.004535530042954366 0.005186700983469941 0.005453267778953301 0.00726680458924989 0.010139780924625369 0.012179515532054933 0.23391914055733753
406 4060 7.13519489638057e-06 0.22334648599397158 0.004083742532922427 0.004083742532922427 0.004559776224471521 0.005084682315385209 0.005342041528823274 0.007170886201947824 0.010014024228293793 0.012362005687353878 0.22334648599397158
407 4070 6.233198497655281e-06 0.2224269681643041 0.004061084739052678 0.004061084739052678 0.004447465088295982 0.0050327973554182386 0.005214018499084882 0.007193658362254466 0.009509346401165826 0.012025892071645245 0.2224269681643041
408 4080 5.690880014360377e-06 0.21267846638411161 0.00404432329004525 0.00404432329004525 0.004349177408098337 0.004996106926782213 0.005249742043481894 0.006854780049743466 0.009376955332099672 0.011760312242095308 0.21267846638411161
409 4090 5.5007803787128524e-06 0.21322753942312025 0.0037206169261462547 0.0037206169261462547 0.0043844436558527124 0.004943474195298552 0.0052474672747837405 0.0066873238145629295 0.009431231817624262 0.01136852804345521 0.21322753942312025
410 4100 4.962425547371962e-06 0.21844550445302985 0.003627261056564485 0.003627261056564485 0.00437515646148505 0.004736196679178518 0.004962566239713216 0.007119259193950176 0.009357348113587564 0.011223224504819189 0.21844550445302985
411 4110 4.570331078131469e-06 0.21364241132523415 0.0036633596727300975 0.0036633596727300975 0.004254948379130053 0.004722747090333903 0.004891936017198375 0.007180491820860987 0.009228107428445065 0.010648164079633168 0.21364241132523415
412 4120 3.9741766353166294e-06 0.21035784590493978 0.00365352399084764 0.00365352399084764 0.004185027458607055 0.004461877019479424 0.004913593382479362 0.007191164133056708 0.009057265247743128 0.01047166669359363 0.21035784590493978
413 4130 3.6375801645079463e-06 0.2081685886271859 0.0036261449449014557 0.0036261449449014557 0.0039942279349899764 0.004345631310844269 0.004985427895811807 0.007082686852842262 0.00901984734570274 0.009946556553668816 0.2081685886271859
414 4140 3.5247326089182528e-06 0.2061841672385524 0.003416919515131246 0.003416919515131246 0.003783574798129385 0.004341781326081641 0.00503356670618028 0.006801929199672514 0.009112438507373956 0.010198065537335516 0.2061841672385524
415 4150 3.1253498853823083e-06 0.20554423606189481 0.0033812667031871456 0.0033812667031871456 0.0037420139401856583 0.004149162718299742 0.004884118130119315 0.006699749302746119 0.009089895060406396 0.010104909004889041 0.20554423606189481
416 4160 2.9788359586330067e-06 0.19917915314926474 0.0033030380662857984 0.0033030380662857984 0.0037052297965141285 0.003981735945047144 0.004950145855010078 0.006778924580586257 0.008915788049687871 0.010040574892953881 0.19917915314926474
417 4170 2.7539276649843556e-06 0.1903995739769804 0.003227330357621445 0.003227330357621445 0.0037272005995966813 0.003969900177230906 0.004891196937295579 0.006833210579231152 0.008679406225005511 0.010050480143376441 0.1903995739769804
418 4180 2.4610045548120183e-06 0.19212880216048453 0.0032201484929182574 0.0032201484929182574 0.0037092485697868206 0.003991265794035802 0.004821425139262701 0.006690390799488096 0.00794144538602226 0.010083848767769936 0.19212880216048453
419 4190 2.3581636279986497e-06 0.18977606006722514 0.0031180637300080535 0.0031180637300080535 0.0037277651366252086 0.0039568345459702016 0.004729898784945856 0.00667224236949891 0.007387569443022773 0.009867081489631373 0.18977606006722514
420 4200 2.0941063939157474e-06 0.18667088335762996 0.0031655100340184624 0.0031655100340184624 0.00367358092869964 0.00397010308768492 0.004609803725247484 0.00661316080348557 0.007344736495699634 0.009525810810894804 0.18667088335762996
421 4210 1.8949976831181615e-06 0.17217305313551723 0.003124928841462171 0.003124928841462171 0.0035508615922714695 0.003925564849964598 0.004547708428639465 0.006703484860034939 0.007280763831154121 0.009351207832353636 0.17217305313551723
422 4220 1.6807468952988313e-06 0.1650438751616851 0.003060440696136003 0.003060440696136003 0.00350527367322392 0.0038918944695152725 0.004589671886969735 0.006677981760520047 0.007143337792843957 0.009332734447963559 0.1650438751616851
423 4230 1.6493463072923286e-06 0.15843585508399913 0.0029999182119370728 0.0029999182119370728 0.0034762638022341245 0.0038188810903045153 0.0045189080175795406 0.0065623804092599216 0.0069798239640134355 0.008995137352869208 0.15843585508399913
424 4240 1.5962858371339537e-06 0.15473501067856948 0.0029796825881412163 0.0029796825881412163 0.0034079853981067777 0.0038440660953306042 0.004210370534929296 0.006545412612793953 0.006913151565897696 0.00930314108587309 0.15473501067856948
425 4250 1.5482864745799932e-06 0.15309093784312575 0.002971762859122274 0.002971762859122274 0.0033896666377758377 0.0036327902478379952 0.004209686257687979 0.006427559960248305 0.006889394266283956 0.009263307377038585 0.15309093784312575
426 4260 1.5501887633864355e-06 0.14662091541682246 0.003038270568118655 0.003038270568118655 0.003347743708601615 0.0036444216436759755 0.004171498415125298 0.006381620994145586 0.006764968024423681 0.008771249287262072 0.14662091541682246
427 4270 1.4384500120497609e-06 0.14304451848484426 0.003044603248817705 0.003044603248817705 0.0034939180004856622 0.0036017967567908084 0.004112596087414079 0.006257692426375888 0.006426168566686028 0.008663746704227548 0.14304451848484426
428 4280 1.335788809115876e-06 0.14181221025358545 0.002932957575042534 0.002932957575042534 0.0033641940124134284 0.003492683222237638 0.004098852738521744 0.005996122171460457 0.006397230717827078 0.008728267782170679 0.14181221025358545
429 4290 1.1502489644631673e-06 0.1364777858562724 0.0029403336295845016 0.0029403336295845016 0.0031280171037663344 0.0033724993990190844 0.004194799788257862 0.005873524651428209 0.006397958668283708 0.008680700549501949 0.1364777858562724
430 4300 9.892160007054074e-07 0.13306754708232063 0.002866226067982136 0.002866226067982136 0.0031399147758027703 0.003370718525172395 0.004083040581645916 0.00572343766479639 0.006361614836625843 0.008260096556912717 0.13306754708232063
431 4310 8.353610044627309e-07 0.13061061051193298 0.0027531962948499646 0.0027531962948499646 0.0030529753037145013 0.0034027076476812875 0.0038411403821568702 0.005734604152274147 0.006228717256034076 0.008114216500424883 0.13061061051193298
432 4320 7.873988834081298e-07 0.1300133794450736 0.002774771321459657 0.002774771321459657 0.003080710711291181 0.00339456091290131 0.00365724358841357 0.005604520702275235 0.006204829253620892 0.007976574731070532 0.1300133794450736
433 4330 7.270904580294185e-07 0.12477499368258874 0.0028162097396608387 0.0028162097396608387 0.003099924826542955 0.003326935927689889 0.0036260954594593796 0.005595186045900392 0.0062105313421727095 0.0077499252798729 0.12477499368258874
434 4340 7.038865441637034e-07 0.12387935855908541 0.0026800704616264594 0.0026800704616264594 0.0029527538667170673 0.0032634462228854754 0.0036373684324637256 0.005625406972906856 0.006233248578222227 0.007594740391723955 0.12387935855908541
435 4350 6.532913163708164e-07 0.1261312716076886 0.0025546369949426273 0.0025546369949426273 0.0028959552753115496 0.003325401206572689 0.0036522390703085683 0.005557011690022402 0.006258743158407697 0.007430784362012812 0.1261312716076886
436 4360 5.470935786268082e-07 0.12656517876638637 0.0025123138000640423 0.0025123138000640423 0.002864734128709198 0.0033127461593439778 0.0035602910478707856 0.005333892058197921 0.006248702860911165 0.007420576713820274 0.12656517876638637
437 4370 5.007679035666409e-07 0.12433215105168562 0.0024580109128454187 0.0024580109128454187 0.002829523474076612 0.0032165658481963424 0.0034835616657706006 0.005261967978462772 0.006052440377852499 0.007322690125052134 0.12433215105168562
437 4370 5.007679035666409e-07 0.12433215105168562 0.0024580109128454187 0.0024580109128454187 0.002829523474076612 0.0032165658481963424 0.0034835616657706006 0.005261967978462772 0.006052440377852499 0.007322690125052134 0.12433215105168562
