% # columns="iteration, evaluation, sigma, axis ratio, bestever, best, median, worst objective function value, further objective values of best", seed=912442, Tue Jul 14 20:44:01 2020, <python>{}</python>
1 10 0.4544320208798217 1.0000437509570452 157.93297603601783 1.5793297603601783e+02 341.90817038881846 724.0865090987215   
2 20 0.3965257678611667 1.171542542613357 92.2918505227437 9.2291850522743701e+01 331.7860270792309 397.1340369443053   
3 30 0.35500802082341487 1.2143972614477718 68.50596272166 6.8505962721659998e+01 185.24298530098696 390.09573735225575   
4 40 0.3378530017937716 1.2949243483901154 54.364192895722276 5.4364192895722276e+01 105.75393196391737 333.1195414745506   
5 50 0.32415636271907433 1.3548448296719935 54.364192895722276 7.2337140971563144e+01 160.53784103749638 643.6515264412765   
6 60 0.33368654146215637 1.3756814115974578 54.364192895722276 9.2302757795442730e+01 172.19355993968776 262.5558903935698   
7 70 0.3458453970396889 1.4331961066496341 54.364192895722276 1.3668037041736591e+02 215.85216077964952 376.7386107100585   
8 80 0.3111809032306063 1.529700423961406 54.364192895722276 1.2480704674628335e+02 197.31762067042118 782.4008791233822   
9 90 0.2914461442379642 1.5413739045188408 54.364192895722276 7.3638246104817171e+01 118.53400373921224 173.7445671747942   
10 100 0.27322523061831727 1.5677746292689834 42.91209204501142 4.2912092045011420e+01 108.88514425931577 233.76525202921692   
11 110 0.28154725502655337 1.7207855916115293 24.10071561980901 2.4100715619809009e+01 96.52130450190504 169.0609438000144   
12 120 0.28791700465504694 1.8531081531700708 18.202164860815216 1.8202164860815216e+01 45.043965991905324 134.90876631778164   
13 130 0.2702478086399683 2.0038885926641066 18.202164860815216 2.2647932897900983e+01 75.96043698615436 162.33123807365772   
14 140 0.23925321287161197 2.0985239336155606 17.83788659456953 1.7837886594569529e+01 48.1748145072022 88.57877624315573   
15 150 0.22406529970524394 2.0200195694015908 14.554378479777132 1.4554378479777132e+01 31.0423908764638 69.19425839369217   
16 160 0.22202484872764547 2.103091057705627 14.554378479777132 1.8021476683363524e+01 33.0918668607072 50.44529866908313   
17 170 0.2178764405385885 2.1860968523263717 14.554378479777132 2.0367092400626412e+01 36.82139346904366 63.003915504182686   
18 180 0.19259854766591933 2.2602278644783107 14.554378479777132 1.6468125727573845e+01 39.209427769669965 83.23027291213997   
19 190 0.16676950222217315 2.25917466568345 10.109003909164043 1.0109003909164043e+01 21.23568315814286 35.84715295591776   
20 200 0.15216746205931164 2.1843302392643293 8.944840080304933 8.9448400803049335e+00 15.091203876113912 39.976139847836535   
21 210 0.1464629003564124 2.149166877854461 7.5404230235895975 7.5404230235895975e+00 24.199242488310343 55.49315321376104   
22 220 0.13912397751264588 2.0848669063318273 7.5404230235895975 9.8389159529551105e+00 17.08466164690381 23.825456777822083   
23 230 0.1274520787964018 2.066214377620799 6.453940355339326 6.4539403553393262e+00 12.424559210862864 30.25740947685677   
24 240 0.11805483438595377 2.0486065941379685 6.453940355339326 9.3297349507179383e+00 13.540085575624229 31.5125017261792   
25 250 0.10304346476277576 2.1793555869793115 6.453940355339326 6.9122972120925628e+00 14.344362635586666 23.656976190140163   
26 260 0.08920983054038886 2.0518212772927042 6.453940355339326 7.1055324825214976e+00 11.977408062483583 19.184912660256906   
27 270 0.08008165615630697 2.03902960912392 6.023963908146037 6.0239639081460368e+00 9.230927762992383 13.397325539781837   
28 280 0.07641256006920008 2.0086026578596763 6.023963908146037 6.6519094385032007e+00 7.722027866519294 13.372698722969094   
29 290 0.06595604701086796 2.0448450119124253 6.023963908146037 6.3062345518878020e+00 8.072720735522369 9.838608909700064   
30 300 0.05999042997969709 2.079484001918143 6.023963908146037 6.5132877809621004e+00 7.670806256852437 10.4604243743028   
31 310 0.05467174354283503 2.050772625598617 5.94176981210269 5.9417698121026898e+00 7.102832396927821 9.757867712576276   
32 320 0.0456247218385377 2.1226302407519304 5.832873811949666 5.8328738119496659e+00 6.6341354093738625 7.331658065646168   
33 330 0.04093225947537103 2.153491721285266 5.832873811949666 5.8908350113058310e+00 6.285252063396932 7.002034102296527   
34 340 0.03511930524962951 2.198879947744467 5.57397738209974 5.5739773820997396e+00 5.886971085176702 7.3554203581240305   
35 350 0.029906599479588288 2.253898335278252 5.57397738209974 5.7227557371321751e+00 5.894601306825367 6.295574770953728   
36 360 0.027294766714834683 2.0663598302121664 5.511440229495584 5.5114402294955838e+00 5.705304706376151 6.033690511715367   
37 370 0.027374059901911416 2.048191491994337 5.4657173335600255 5.4657173335600255e+00 5.718868928248384 5.932257142119143   
38 380 0.026709655334474152 2.148617509427932 5.4525432116348105 5.4525432116348105e+00 5.625554351866647 5.930707395847405   
39 390 0.025600565679459224 2.251197439997802 5.4525432116348105 5.4639078713711440e+00 5.533089097868153 5.674951557127793   
40 400 0.024182748187331557 2.3525158641345163 5.336812473159993 5.3368124731599931e+00 5.696836597015892 6.08504739122125   
41 410 0.02284663799195565 2.4353758093392197 5.336812473159993 5.3914351936722333e+00 5.501781108542012 5.629962931749169   
42 420 0.022570369108995497 2.465160355529977 5.332490420688359 5.3324904206883588e+00 5.551259396389751 5.684106790190801   
43 430 0.024151104577177274 2.6005675095129415 5.332490420688359 5.3786313934874599e+00 5.457316829144691 5.603851336502004   
44 440 0.0219932721482827 2.676618721355029 5.332490420688359 5.3468297024307363e+00 5.554163837155391 5.716054233675084   
45 450 0.021117303398675687 2.5729335523130654 5.295935908635377 5.2959359086353768e+00 5.388974540466002 5.519851833231188   
46 460 0.019704677986928168 2.6625576500690213 5.285151584254708 5.2851515842547077e+00 5.371785815477756 5.62126833497572   
47 470 0.020048911957494066 2.7718549600143305 5.274989990085364 5.2749899900853636e+00 5.369970604726028 5.4313342995515015   
48 480 0.020192855718980066 2.903935354975474 5.225932637678333 5.2259326376783326e+00 5.315125144122609 5.4295804817086575   
49 490 0.02098692347596177 2.9420667955481394 5.222262512498423 5.2222625124984230e+00 5.321561584827784 5.422747331635007   
50 500 0.021520309636060466 3.241333251461252 5.138179912869406 5.1381799128694059e+00 5.252162941665691 5.3810518446042055   
51 510 0.022593631445102225 3.4157995906740264 5.1248235095703825 5.1248235095703825e+00 5.214663268872782 5.412377897207725   
52 520 0.02639465993745562 3.939115461981932 5.028656873574809 5.0286568735748087e+00 5.196665709667297 5.297717639359534   
53 530 0.02902735376585723 4.681556074543164 5.028656873574809 5.0424724298697070e+00 5.208215608847558 5.272818010832884   
54 540 0.03578007216642763 5.663227962158229 4.808297694518169 4.8082976945181688e+00 5.224299679201957 5.324755746583795   
55 550 0.038883539816766746 6.039966056371212 4.808297694518169 4.8430531715339198e+00 5.030234228884187 5.566318140825487   
56 560 0.041432401145994564 6.156552202512094 4.781093191271822 4.7810931912718218e+00 5.054747507789155 5.286625205562232   
57 570 0.04342390930748312 6.550910374705739 4.77482323748511 4.7748232374851103e+00 5.087167033385485 5.283670698169041   
58 580 0.04137616916508908 6.684805114622286 4.77482323748511 4.8627412810419832e+00 5.068874962593176 5.389363514353343   
59 590 0.0384781468516198 7.129615517146107 4.738043038461295 4.7380430384612948e+00 5.132938932343416 5.507362642769342   
60 600 0.03749914516992254 7.221568452735253 4.609896383159149 4.6098963831591488e+00 4.860740284698304 5.3206587597267205   
61 610 0.03734871823950707 7.746683431781812 4.609896383159149 4.6866348438770569e+00 4.879027434630267 5.429338019306873   
62 620 0.035234855164129476 7.863368666804991 4.546158228247178 4.5461582282471777e+00 4.820323293002865 5.139547348841591   
63 630 0.03664728374254893 7.476850612322476 4.4417485370179985 4.4417485370179985e+00 4.781985143702034 5.378961356312082   
64 640 0.041087646200766784 7.284546223392482 4.4417485370179985 4.5633235192230437e+00 4.896938473327703 4.975677637411218   
65 650 0.03939966705566897 7.680805819048618 4.395376160866667 4.3953761608666673e+00 4.92584861539614 5.2452504344831725   
66 660 0.03909566008737869 7.876147325499849 4.395376160866667 4.4431208125961019e+00 4.592872586062026 4.971237917323048   
67 670 0.03795718788586789 7.592156367399514 4.395376160866667 4.4010339642079037e+00 4.64777921187662 5.093044111986407   
68 680 0.03576916944416005 7.877062766209868 4.369055110684098 4.3690551106840978e+00 4.6087481713508085 5.159606097674102   
69 690 0.03651374423541974 7.83286155142085 4.168778895731357 4.1687788957313572e+00 4.481340084465551 4.693182420651248   
70 700 0.037121133983929855 7.758788232378876 4.168778895731357 4.1885338295515151e+00 4.479753434216153 4.728226836777999   
71 710 0.04097141536775764 7.3267708299095995 4.168778895731357 4.2428122411337537e+00 4.429298636366196 4.750213004110333   
72 720 0.04106910366641798 7.642052580514132 4.103378013233759 4.1033780132337592e+00 4.41401765739549 4.9130984735469525   
73 730 0.04191311636114246 7.631463399441371 4.071728901769126 4.0717289017691263e+00 4.4294200835588295 4.833674031975299   
74 740 0.04803477359903606 7.730664671485284 4.071728901769126 4.0925388668081570e+00 4.3971907385604325 4.681120805630676   
75 750 0.051094967719565676 8.422169685024658 3.9139125150089784 3.9139125150089784e+00 4.301689207011095 4.721542442164895   
76 760 0.05251203502881622 8.088088979592357 3.8675951025415354 3.8675951025415354e+00 4.212002994253854 5.246084313925131   
77 770 0.05322022270720403 7.648022947230732 3.8675951025415354 3.9018414931292309e+00 4.219543767844192 5.982504109903598   
78 780 0.05601660444825934 7.542954486200253 3.8110877536394776 3.8110877536394776e+00 4.111767163658054 5.3048227024258745   
79 790 0.06519918940778306 7.561473892724737 3.6899234746369727 3.6899234746369727e+00 4.108746890015931 4.3425071499658285   
80 800 0.0637197128861048 8.150934839802506 3.6899234746369727 3.7853795549995080e+00 4.316096289964241 5.777044878105834   
81 810 0.059584856581386236 7.973262805404348 3.6899234746369727 3.7883997625094086e+00 4.144798208768012 4.588704303269546   
82 820 0.056109096755759216 8.016070780364291 3.6899234746369727 3.7537438781943884e+00 4.095535972985695 4.381630072781137   
83 830 0.05761433080897314 7.875451878753835 3.6899234746369727 3.7248950326756143e+00 3.9152958380175846 4.802829332916775   
84 840 0.054300452314370154 8.366778070098329 3.6899234746369727 3.6987430641873820e+00 4.03738420467558 4.625450301231735   
85 850 0.052117915920039545 8.257217370536413 3.5941859697695975 3.5941859697695975e+00 4.11137585186319 4.567467789115597   
86 860 0.05035196148128247 8.30008863211922 3.512095904795256 3.5120959047952560e+00 4.06686291109521 4.4817829723164   
87 870 0.04803993381407361 8.102782128802207 3.3933237438309933 3.3933237438309933e+00 3.980095926814371 4.5823465605181   
88 880 0.049404123155670984 8.469747662550509 3.30790624244582 3.3079062424458199e+00 3.883998430939311 4.243663062198873   
89 890 0.046312984516449524 8.459515454322874 3.30790624244582 3.3774747862473262e+00 3.7193779056393157 4.027074338785325   
90 900 0.04194042005222111 8.457076668983326 3.30790624244582 3.3093899812594554e+00 3.5428282407364224 3.9438596247963975   
91 910 0.0406346545927619 8.710532629811333 3.255314219875728 3.2553142198757281e+00 3.486614714629712 3.6612468200182593   
92 920 0.03730841561041972 9.321954796849642 3.2081489079864114 3.2081489079864114e+00 3.5072836149988196 3.935881600385236   
93 930 0.03555687684168665 9.172548011961544 3.2081489079864114 3.2216420616231800e+00 3.3335768678032967 3.426488388170812   
94 940 0.03496944606981231 9.431893691528208 3.199964943785052 3.1999649437850519e+00 3.2318736860850654 3.703047869859129   
95 950 0.03554519121383031 9.095996465862948 3.117246356843879 3.1172463568438791e+00 3.3092590965638204 3.435040781168874   
96 960 0.03220069763207747 9.675834942113319 3.117246356843879 3.1580472742751535e+00 3.2819928561852496 3.519192769296211   
97 970 0.033040533968229736 9.068267495533021 3.0451325945731558 3.0451325945731558e+00 3.249485448352279 3.3987833644677616   
98 980 0.0325267588076551 9.1523067372472 2.9703294036265846 2.9703294036265846e+00 3.2151757977820505 3.4826569883939   
99 990 0.0331068161648955 8.762837241724238 2.969696193190636 2.9696961931906358e+00 3.109078269012725 3.247518659609068   
100 1000 0.03578504304235655 8.486566939235644 2.959527974460846 2.9595279744608458e+00 3.0468322006999724 3.2037716499194895   
101 1010 0.035884199359173426 9.000699467537183 2.907762182052382 2.9077621820523820e+00 3.111502884648491 3.5796043258546324   
102 1020 0.037011554458874274 8.961474671504723 2.882652548600663 2.8826525486006629e+00 3.052835606545975 3.15575732473948   
103 1030 0.03610844446267584 9.388830781218966 2.882652548600663 2.8833355262119422e+00 3.0440260485254798 3.1754348254976312   
104 1040 0.031774723100457154 8.913328498828475 2.882652548600663 2.9141354249698770e+00 3.0379139111400044 3.5068958283732625   
105 1050 0.03126566274938288 9.0316852506753 2.8342055974219567 2.8342055974219567e+00 2.9788790095558952 3.0036881980088745   
106 1060 0.03222997907214212 8.870377467074855 2.8037652095104173 2.8037652095104173e+00 2.938015270612113 3.0718519748437223   
107 1070 0.03398200116707209 8.348480865763467 2.760663744602067 2.7606637446020672e+00 2.954089714727585 3.0714756663728346   
108 1080 0.033745786522341205 7.73956058426083 2.7474577508254137 2.7474577508254137e+00 2.856130074634012 3.250311396596925   
109 1090 0.032658266747564335 7.830676055697951 2.7474577508254137 2.7791513442274804e+00 2.892372852704606 3.0285089167888066   
110 1100 0.02959140814639478 7.473774203967397 2.7293115904351963 2.7293115904351963e+00 2.824324375305003 3.0176118772499523   
111 1110 0.02800205199971575 7.432355433015622 2.7236960162308477 2.7236960162308477e+00 2.7977613004020863 2.8520454263261232   
112 1120 0.028020482547977753 8.000605918952594 2.6745150443575447 2.6745150443575447e+00 2.730001181229902 2.8879944228814516   
113 1130 0.02813654808274182 8.325407566789584 2.666907908782925 2.6669079087829251e+00 2.6893424533674413 2.756536513372825   
114 1140 0.02908167304111096 8.161617287262853 2.6048184174116153 2.6048184174116153e+00 2.7008068240347143 2.8690616750111597   
115 1150 0.02823426789126786 8.079291478251374 2.5736850997887872 2.5736850997887872e+00 2.6861144187152197 2.8932203894409447   
116 1160 0.027306103773635848 7.992290746685605 2.5564141404905345 2.5564141404905345e+00 2.6691797334933445 2.7436131907125425   
117 1170 0.02853503489914476 8.108798509527407 2.5564141404905345 2.5643813378484932e+00 2.6127883411604547 2.7871745240377783   
118 1180 0.0275445839547338 8.218381568556914 2.5537182113086434 2.5537182113086434e+00 2.6219982740826095 2.7700577748678903   
119 1190 0.02915839142974936 8.435663003697012 2.480232698286777 2.4802326982867768e+00 2.5533814138490882 2.6416468376697164   
120 1200 0.03087594360227153 8.74635252393671 2.4626227065383137 2.4626227065383137e+00 2.568143290381736 2.6222356020093938   
121 1210 0.03154739530378736 9.182903587404537 2.436579360710243 2.4365793607102431e+00 2.5487145967530385 2.7249826446802237   
122 1220 0.033509654825227185 9.73211772100735 2.41571483832682 2.4157148383268199e+00 2.5426533388194983 2.6694474359124563   
123 1230 0.033126039641847654 10.641540800269151 2.41571483832682 2.4214323502656807e+00 2.504043568876346 2.6681993175752905   
124 1240 0.029090035924767572 11.018582377349649 2.41571483832682 2.4265046778787482e+00 2.5174775139685366 2.5777852004848985   
125 1250 0.02719513238462708 11.479876191319208 2.41571483832682 2.4178941667291074e+00 2.500816866314736 2.6684260378652267   
126 1260 0.030588813504093697 11.312992749170233 2.343913317752648 2.3439133177526479e+00 2.451846266318849 2.488834860512963   
127 1270 0.037255879409203566 12.020807772348014 2.218605505159641 2.2186055051596409e+00 2.4327146700424596 2.5208048928992492   
128 1280 0.048624407235099545 12.597105286232434 2.218605505159641 2.2287637629081711e+00 2.337613939029576 2.7922799123802577   
129 1290 0.05933988459770513 12.596082968952036 2.0971790241321067 2.0971790241321067e+00 2.4503492967270795 2.712067123098585   
130 1300 0.06526291297780448 12.010384084496513 2.0971790241321067 2.1533808264361363e+00 2.381662900604825 2.631975674845668   
131 1310 0.07099254486160593 11.714888417902104 2.0971790241321067 2.1168796833825896e+00 2.39618903572658 2.662900450930466   
132 1320 0.07565257204294089 11.53172465248541 2.0971790241321067 2.1289138961551388e+00 2.2192771646282994 2.774495233259807   
133 1330 0.07082444730649508 11.878531487351001 2.0971790241321067 2.1497827443777702e+00 2.4281530204641735 2.6388577409617637   
134 1340 0.0628980769007896 11.619811536199242 2.0971790241321067 2.1531519409288018e+00 2.6258628223272145 3.2927830613896276   
135 1350 0.05753068482707853 10.836129176520052 2.0971790241321067 2.1974721811136861e+00 2.5481746755292196 2.7806971207496396   
136 1360 0.04946176504259087 10.821251180279358 2.0971790241321067 2.1484997748367975e+00 2.399956497040379 2.685057319674089   
137 1370 0.04467274565198753 10.379462643584137 2.0971790241321067 2.1107072064729944e+00 2.180143100057253 2.734097966106292   
138 1380 0.04452016373706909 10.01101232857361 2.016465403185365 2.0164654031853648e+00 2.1632390623188926 2.389683357706563   
139 1390 0.044805451925050394 9.760930598695628 1.9569049765850601 1.9569049765850601e+00 2.1709594147814535 2.296119634015996   
140 1400 0.04533047109963444 9.163899404493769 1.9569049765850601 1.9764749278217286e+00 2.0913683495129445 2.3222332351767485   
141 1410 0.04820653804801501 9.586653399156607 1.851480359545833 1.8514803595458329e+00 1.9631915504832098 2.3200522693335923   
142 1420 0.04920093847239263 9.957981452185349 1.851480359545833 1.8753837094579500e+00 2.0321741043288775 2.5752673706753466   
143 1430 0.04954371031269856 9.898782581821214 1.851480359545833 1.9130923274647063e+00 2.0527776305379994 2.239490727365327   
144 1440 0.05161934905100487 9.791934629887388 1.8078946187429128 1.8078946187429128e+00 1.930175388112931 2.402966296193454   
145 1450 0.056350972798874695 9.821804033854571 1.752141890875183 1.7521418908751829e+00 1.933208091729488 2.028395430378745   
146 1460 0.055258131266925914 9.243591121236923 1.7322809743841137 1.7322809743841137e+00 1.866024017241438 2.0136376286963613   
147 1470 0.05617350207245789 9.318348446324569 1.719965139154629 1.7199651391546289e+00 1.8357376562664103 2.216997036367324   
148 1480 0.05766032257262545 9.292994473937716 1.7044643385410163 1.7044643385410163e+00 1.8487466737238079 2.096355230910002   
149 1490 0.06082130125669652 9.359184350520978 1.701110235455554 1.7011102354555541e+00 1.8177923588772398 2.00346268221545   
150 1500 0.06499113665666331 10.07062453291455 1.6623302908795043 1.6623302908795043e+00 1.7929697303436138 2.1300120537774254   
151 1510 0.06372623637784489 9.974634046089077 1.6557280549593616 1.6557280549593616e+00 1.92283695248241 2.1405608294201564   
152 1520 0.06252161857205205 9.759063207382466 1.5375015335095679 1.5375015335095679e+00 1.7928969690738779 2.0521982143253887   
153 1530 0.07129176373177377 8.963094332738976 1.4557246637331733 1.4557246637331733e+00 1.6848263789560591 2.029002084362334   
154 1540 0.07515399836414037 9.564787963315714 1.4008556663728948 1.4008556663728948e+00 1.6831716565157764 2.115429268579879   
155 1550 0.07093249462290617 9.539648604914381 1.4008556663728948 1.4367053147280058e+00 1.5342015079585642 2.070523682909384   
156 1560 0.06801790023608488 9.751275701691807 1.4008556663728948 1.4633635687898725e+00 1.5961881253392176 1.741331700935353   
157 1570 0.0698994883261234 9.567825758341316 1.2641831779926622 1.2641831779926622e+00 1.5646834558119243 1.7193573485965892   
158 1580 0.06323307803538472 8.523961886788276 1.2641831779926622 1.2999021676385518e+00 1.560990521908968 2.0407662209294486   
159 1590 0.06170871021229607 8.21612960541559 1.2274776530617817 1.2274776530617817e+00 1.4474703709301167 1.6966391969889698   
160 1600 0.05772451741330292 8.423888252892622 1.1628243934584965 1.1628243934584965e+00 1.360651868139831 1.6257548997691496   
161 1610 0.0551711007480107 8.594549485578058 1.1566870103044087 1.1566870103044087e+00 1.3028876574092598 1.4623918974664047   
162 1620 0.05169002071593499 8.443812521289571 1.156129285740744 1.1561292857407439e+00 1.291629645631943 1.4499612832428341   
163 1630 0.04639559162435057 8.438556604985834 1.135378814690001 1.1353788146900010e+00 1.2855165893605884 1.4195884638449097   
164 1640 0.04702918485039638 8.909484456899953 1.0637045349649095 1.0637045349649095e+00 1.2223063884121315 1.3946512401749216   
165 1650 0.047684487853887084 9.15173629408163 1.0500605544613406 1.0500605544613406e+00 1.1681746531544415 1.262175578328585   
166 1660 0.05138599009114388 9.442345602299017 0.9991769604068941 9.9917696040689408e-01 1.189103759489421 1.4845081250589343   
167 1670 0.05237592694812275 10.436780082870913 0.9741569471097986 9.7415694710979861e-01 1.1465689263849814 1.2765660062966493   
168 1680 0.05093833390613979 11.177974812587603 0.9741569471097986 9.9183028757720249e-01 1.0761740550717291 1.4825971818421557   
169 1690 0.05233551973953109 11.00967190345415 0.8798684642567309 8.7986846425673093e-01 1.043626917325401 1.1159400052682689   
170 1700 0.057815819580424054 11.520521878629237 0.8379271070569418 8.3792710705694184e-01 0.9967483573805417 1.1170172429949348   
171 1710 0.0650296377364707 12.011388561483209 0.8367070450509533 8.3670704505095328e-01 0.9131614808978867 1.0876375332537607   
172 1720 0.07497372384142428 12.554224378275187 0.728681773047208 7.2868177304720805e-01 0.9001968163247152 0.9811044345653043   
173 1730 0.07410021640025705 14.528974277643485 0.728681773047208 8.2180908964529031e-01 1.1899544010170797 1.5982579675351034   
174 1740 0.07275985365256384 13.342905469414198 0.728681773047208 8.2456039765969558e-01 0.8727937682967553 1.4676234555459347   
175 1750 0.06821407286642345 13.42467767034819 0.728681773047208 7.8548433753938984e-01 0.9845529805239889 1.3566878527797437   
176 1760 0.06017434571122364 13.241385527843738 0.728681773047208 7.7969476285005090e-01 0.9222270512590063 1.1203255231914908   
177 1770 0.06063935154586324 13.606163549951537 0.728681773047208 7.5495925925195428e-01 0.8443833700003297 1.091947376313048   
178 1780 0.056252748353256 13.510519757382909 0.6925758858115463 6.9257588581154628e-01 0.7634777227204799 1.141585396976687   
179 1790 0.055397193690745264 13.687063792439355 0.6117189647288104 6.1171896472881038e-01 0.896195806290109 1.0798346507706147   
180 1800 0.058271273986630526 13.196295254468811 0.6117189647288104 6.3968337582069701e-01 0.6954653706699613 0.7764637835461612   
181 1810 0.060538558783927374 13.428958129919632 0.580548634225642 5.8054863422564196e-01 0.7374317202221883 0.9672808900281749   
182 1820 0.05831717630634917 13.675767585122783 0.580548634225642 5.8789405894265079e-01 0.7628089659484472 0.8825046442099594   
183 1830 0.059563468311147186 14.206949132367717 0.5551867620087834 5.5518676200878336e-01 0.7243601702003907 0.8528605650956913   
184 1840 0.05736685846739414 14.79293377868895 0.5551867620087834 5.9639014546848690e-01 0.672699302143039 0.7903746466958592   
185 1850 0.058325121205869884 15.393990401124313 0.5127789950252665 5.1277899502526647e-01 0.7312596868506686 0.9478779033405609   
186 1860 0.0632642363321613 15.732416855788449 0.5127789950252665 5.3841311987381824e-01 0.5871631754801201 0.7821385666122807   
187 1870 0.0727353656101484 17.06047142412338 0.47865075028793264 4.7865075028793264e-01 0.6108379508477499 1.015858832471432   
188 1880 0.06898003781495049 17.8199995860104 0.47865075028793264 5.1808854018250883e-01 0.7196927184909507 1.094299829899477   
189 1890 0.06659334501999158 17.70027318910789 0.46077351808285427 4.6077351808285427e-01 0.6081564937192555 0.8646843313564767   
190 1900 0.061202658002455654 18.767286355474287 0.46077351808285427 5.2292839475385089e-01 0.5926190949793699 0.7090043198620234   
191 1910 0.051664935357319905 17.881165218943188 0.46077351808285427 4.6379807565227466e-01 0.6258169110413868 0.7208626294126457   
192 1920 0.05069560801899038 16.946923961628144 0.46077351808285427 4.6402053408868121e-01 0.5610219952468662 0.6714247703101679   
193 1930 0.052580824310442136 16.631029609141258 0.46077351808285427 4.7656593986476992e-01 0.5180646772515581 0.5555222065752219   
194 1940 0.053396350862729154 16.82911282108335 0.4484128019969319 4.4841280199693190e-01 0.5476477094753409 0.5878775029200434   
195 1950 0.0567371131199799 17.57484138260547 0.3820331499580829 3.8203314995808291e-01 0.46224645636296724 0.6077435831449224   
196 1960 0.056779186355178375 18.460032850914804 0.3820331499580829 3.9401246522791633e-01 0.4516644460694602 0.5094537974082344   
197 1970 0.06316527453949938 18.00012140608041 0.3300461400815404 3.3004614008154037e-01 0.44436593220009335 0.5750037834036403   
198 1980 0.06529200923821309 18.015409795283833 0.3300461400815404 3.7388057981841916e-01 0.46920594812613714 0.5537056552921802   
199 1990 0.07293574904875368 18.339723230192487 0.3300461400815404 3.6714879043575321e-01 0.447072027963477 0.6240325761217511   
200 2000 0.07787760419833768 18.75933389894084 0.28953831108125433 2.8953831108125433e-01 0.49406296550990547 0.656515731828262   
201 2010 0.08110325017662698 19.220882833786607 0.28406681567474784 2.8406681567474784e-01 0.43293183197059415 0.64916018603347   
202 2020 0.08808348008144778 19.726927560543878 0.2748790177784709 2.7487901777847090e-01 0.3882666082880134 0.5844188691107062   
203 2030 0.08213724279009392 20.313908296135704 0.2748790177784709 2.8703840217837151e-01 0.44357199479399656 0.7309461390633323   
204 2040 0.0806604010902977 20.329654984486485 0.2748790177784709 3.0431249011247741e-01 0.40352607891023873 0.5554860004786353   
205 2050 0.07816077954902133 22.238979604977047 0.2748790177784709 3.0897931809124735e-01 0.4204318205638101 0.7345163966007229   
206 2060 0.07169142281628536 22.018506963377803 0.2748790177784709 3.3314765403305646e-01 0.4518435980024302 0.5722754341493893   
207 2070 0.0712802719411941 21.755573328747637 0.2748790177784709 2.8914222697181780e-01 0.3739500796703409 0.6181048046338358   
208 2080 0.06615432205410757 22.059027559028614 0.2748790177784709 2.9540581502387786e-01 0.3621813938825955 0.5327875469649808   
209 2090 0.06046317481839019 21.94929616896798 0.19680932859771139 1.9680932859771139e-01 0.34239171980889993 0.49459017416968637   
210 2100 0.05854758158741624 20.62853870077887 0.19680932859771139 2.0345483497321629e-01 0.29036006350217886 0.35053339789654636   
211 2110 0.05203753805164689 21.204561338542874 0.19680932859771139 2.2144117023440801e-01 0.29544043270480935 0.41955004401321405   
212 2120 0.051450658106363276 20.216130456466576 0.19680932859771139 2.0595947109954929e-01 0.27430058221874043 0.3557315243207675   
213 2130 0.04783480192748754 19.740789678421528 0.19164154639308129 1.9164154639308129e-01 0.23074405601825154 0.2643202952714666   
214 2140 0.04519865781290311 18.764784974355766 0.1854483212455083 1.8544832124550831e-01 0.22683853322421027 0.3647768414784965   
215 2150 0.04497858963818997 19.51980180957424 0.17048102179006805 1.7048102179006805e-01 0.20407298330441442 0.21950476655538925   
216 2160 0.04534807060997876 20.115532470457296 0.16322754075715729 1.6322754075715729e-01 0.19763706702331738 0.2572522510133154   
217 2170 0.048849348487791086 20.939623609735364 0.16322754075715729 1.6795945883229979e-01 0.19129549982412197 0.28493249996029235   
218 2180 0.0447645550150095 21.024686881154064 0.16176153865179158 1.6176153865179158e-01 0.19369698972343108 0.2408328931105045   
219 2190 0.04307797766168634 21.068495329250467 0.13742235323047045 1.3742235323047045e-01 0.18463978490421196 0.23969239103460585   
220 2200 0.044896031892081696 20.810078193140427 0.13742235323047045 1.3914871853281705e-01 0.16826950904707422 0.213108847083424   
221 2210 0.041538755083906004 20.143262307259025 0.12985856626322928 1.2985856626322928e-01 0.1625568251317162 0.18892363249050467   
222 2220 0.040903510705820975 19.352032244424024 0.12795396311878557 1.2795396311878557e-01 0.1504470740033683 0.18802641766254408   
223 2230 0.038960594623783464 19.376033095070635 0.11935108571782566 1.1935108571782566e-01 0.14970206303312578 0.17075332239979513   
224 2240 0.03477969442453533 19.054414613540878 0.11763104934966383 1.1763104934966383e-01 0.14653173658384328 0.17579095770824266   
225 2250 0.038862610813063594 18.977611192765035 0.10855758673190899 1.0855758673190899e-01 0.12124509464450565 0.13858712369605136   
226 2260 0.04654840824928469 19.97120931096322 0.10855758673190899 1.1069093318985401e-01 0.12692383040959573 0.1517553972926839   
227 2270 0.055529122353280086 20.91685792681966 0.09395847524981527 9.3958475249815265e-02 0.1255394681474892 0.181066457611936   
228 2280 0.06326459380545191 21.58727579932614 0.09395847524981527 9.6374220410662265e-02 0.13037116935916407 0.1810699530350216   
229 2290 0.06896516844888559 21.57379568967018 0.07657685850107912 7.6576858501079120e-02 0.1291980562257261 0.16487577686543958   
230 2300 0.07153580168271036 23.187219664963674 0.07657685850107912 1.0431030613199296e-01 0.15060273327494397 0.1800870351157179   
231 2310 0.0617548683521771 24.023383132672425 0.07657685850107912 9.0410190585901620e-02 0.12677870441669284 0.17101885552716437   
232 2320 0.05968887319634296 24.5747081820924 0.07657685850107912 8.3124090836733611e-02 0.13577890971086967 0.1972466405243519   
233 2330 0.057558606693680486 24.66015223372799 0.07657685850107912 9.4719982463664976e-02 0.13063895547998833 0.20086868697483007   
234 2340 0.056243405474621644 23.811807108494033 0.05732221111258372 5.7322211112583718e-02 0.12622353319026344 0.2723110121665109   
235 2350 0.05191913269855436 25.334392072971106 0.05539343676123036 5.5393436761230361e-02 0.08392791059976495 0.16769358580032714   
236 2360 0.049226645366312716 25.44980855390861 0.04974163335972796 4.9741633359727963e-02 0.0850512425626184 0.17409482183232236   
237 2370 0.046252583724231175 24.7805617957712 0.04974163335972796 6.2483552352300270e-02 0.07871566657985712 0.08586920145920571   
238 2380 0.04218845733366695 24.450439950678025 0.04974163335972796 5.4985350946150383e-02 0.06551336134179837 0.07585789825197559   
239 2390 0.04083597084216422 25.811598193825187 0.04494793567889399 4.4947935678893991e-02 0.06488117155140338 0.08882727869968607   
240 2400 0.03587264168741317 26.883444362925665 0.04494793567889399 4.6466095951024231e-02 0.060806829081964664 0.08426508566337251   
241 2410 0.03322724848554501 26.61127992670728 0.039192371940496754 3.9192371940496754e-02 0.06277414915402035 0.08168042315867176   
242 2420 0.032089042304308875 25.738200145033325 0.039192371940496754 4.0104003499074677e-02 0.047675192641584485 0.057122001448695676   
243 2430 0.03368347001199471 26.565147501558975 0.0313080589356296 3.1308058935629601e-02 0.04519646616070641 0.05892194553963966   
244 2440 0.037790315114655554 28.53642932345986 0.0313080589356296 3.4675435786323310e-02 0.04161005803305251 0.04661331077508385   
245 2450 0.03782467751659074 31.86940714448309 0.0313080589356296 3.9449240225892607e-02 0.04846280805047762 0.059106490150175606   
246 2460 0.036336503232128975 31.294421340608423 0.0313080589356296 3.4138529223116346e-02 0.05104698023635393 0.06380454875142355   
247 2470 0.035598493108213884 31.75084318959478 0.030026246776468566 3.0026246776468566e-02 0.044303349030930333 0.07079981598702914   
248 2480 0.03449021052262154 31.641758121809193 0.0253275669365184 2.5327566936518400e-02 0.032802944187378114 0.04297121740260067   
249 2490 0.03665612019183822 32.07500047300683 0.0253275669365184 2.7362161189305102e-02 0.036453708814488464 0.07522724482106646   
250 2500 0.03468152801477358 33.491684414267134 0.02435293524066423 2.4352935240664231e-02 0.03940698976086408 0.06107501484674395   
251 2510 0.03263004106155885 31.34294486034391 0.022338477394198572 2.2338477394198572e-02 0.03374299631956299 0.07278988731213254   
252 2520 0.02962278103114968 30.818277862363917 0.022338477394198572 2.4195603750718633e-02 0.02868778738383705 0.04148935024115412   
253 2530 0.02792913397296053 29.42725585740279 0.022338477394198572 2.3116159986837598e-02 0.03058232274003308 0.034627197528852405   
254 2540 0.024345476948805397 28.190957288878547 0.022338477394198572 2.2588562592906744e-02 0.029295737971928065 0.04514973790064134   
255 2550 0.02385408973309427 27.970996429518735 0.022211650454006342 2.2211650454006342e-02 0.028306248989130416 0.030149304143243898   
256 2560 0.022964394743867887 29.016867603949866 0.022211650454006342 2.3663956821212952e-02 0.027266037987514723 0.036019196267359256   
257 2570 0.022248950744026302 29.795515006825212 0.01899093720227979 1.8990937202279790e-02 0.024187302978158486 0.0349979148686675   
258 2580 0.023921337441478556 31.202069216394598 0.018011768347674977 1.8011768347674977e-02 0.021305287601483865 0.02268365176047477   
259 2590 0.024842058404062256 33.567286636665564 0.014670352029958079 1.4670352029958079e-02 0.021594954154487735 0.02328803851675333   
260 2600 0.0278902880077792 34.70555736384888 0.012121452943123319 1.2121452943123319e-02 0.01962440594433608 0.026058104328119804   
261 2610 0.029789107281567535 35.59151490195349 0.012121452943123319 1.3985392572891300e-02 0.015947035989025117 0.023465925282204737   
262 2620 0.032256724212679784 36.39952962535973 0.011268842435458115 1.1268842435458115e-02 0.015685477465796446 0.026190099053795268   
263 2630 0.03253274306954555 39.073656730341334 0.011181762904072495 1.1181762904072495e-02 0.01520846021169221 0.022758657750690015   
264 2640 0.029943035499126986 42.46799231484577 0.011181762904072495 1.2698634437990929e-02 0.01575220456108089 0.026169982316139512   
265 2650 0.02812269632826468 42.5931249032142 0.011181762904072495 1.1668055471413249e-02 0.016475930713549823 0.022342718402599798   
266 2660 0.02460756064194069 40.13756676905457 0.00882119548162017 8.8211954816201695e-03 0.01597427665180398 0.021561684459726657   
267 2670 0.023261311676850267 40.780547720739555 0.00882119548162017 1.0774410739643928e-02 0.01427006948132818 0.020436506194808243   
268 2680 0.02276369928046273 42.63281561516041 0.00844901524152138 8.4490152415213800e-03 0.011031011128374953 0.014347536915182823   
269 2690 0.02196685119890387 44.70521839017104 0.006724412171591117 6.7244121715911171e-03 0.009564722772563984 0.012828861210028814   
270 2700 0.020844541833362557 44.84224504244746 0.005661011845992113 5.6610118459921128e-03 0.008243902398077598 0.010021946299359473   
271 2710 0.020252841700965994 45.587423356068896 0.005661011845992113 5.9272907035346567e-03 0.008246193887494866 0.012048550262943858   
272 2720 0.02044370325094526 46.33451943589446 0.005377066710782934 5.3770667107829340e-03 0.008172717728258384 0.011101396725569833   
273 2730 0.021706573133250695 49.21496006489353 0.00419538002899271 4.1953800289927104e-03 0.006607061764569426 0.00871029382641374   
274 2740 0.021598148095327167 54.54395062474209 0.00419538002899271 5.4859174670521121e-03 0.007286678577915422 0.012251877611146938   
275 2750 0.020950688558557886 56.22043204256958 0.003795029612914334 3.7950296129143340e-03 0.004539446445794567 0.007117062823539853   
276 2760 0.021216307374770843 58.797197187834804 0.003795029612914334 3.9154303808683327e-03 0.0051198027358792305 0.007260864103288486   
277 2770 0.02114939855705533 58.62660869900523 0.0034753275105444074 3.4753275105444074e-03 0.006220291195690593 0.00828212569556047   
278 2780 0.021030457472219093 54.3105060524636 0.0034753275105444074 3.5946751648715152e-03 0.006724634129242491 0.008659734000732545   
279 2790 0.02127076668271413 58.05032503240281 0.0034753275105444074 3.4897176315988980e-03 0.004546250560631918 0.007961874888096125   
280 2800 0.0201029638352451 55.64225696266757 0.002685275838151871 2.6852758381518708e-03 0.004584377437940703 0.011594944369961804   
281 2810 0.019476730271660542 55.71726549939259 0.0023817517074391716 2.3817517074391716e-03 0.0036813084454046675 0.00590764715822142   
282 2820 0.018744820675036272 55.694449938165626 0.0016044730053586722 1.6044730053586722e-03 0.003241664171226977 0.0036739194518806938   
283 2830 0.017901798227337718 60.69899568080257 0.0009117393131727118 9.1173931317271178e-04 0.0030499662466555062 0.0047199243872699   
284 2840 0.017667627352628206 58.608036765948455 0.0009117393131727118 1.8960880902963563e-03 0.0024719867223208444 0.003701047899014174   
285 2850 0.01736630454601257 55.5541887226496 0.0009117393131727118 1.6390497206347741e-03 0.002085847666535426 0.004153819587363279   
286 2860 0.01704708829505285 52.7919765933642 0.0009117393131727118 1.1410717205383775e-03 0.0024886473545694425 0.004468932021904414   
287 2870 0.01610824953802775 50.48390207794834 0.0009117393131727118 1.5782965780543443e-03 0.0020314868507431156 0.003659325116831213   
288 2880 0.01557897966797184 50.78254338441991 0.0009110925566001028 9.1109255660010277e-04 0.0018902320889766185 0.0041879492275149355   
289 2890 0.013970412452236503 45.90733403976017 0.0009110925566001028 1.0168305272703678e-03 0.0015615739917832602 0.0033456343675302824   
290 2900 0.0134268809994868 46.472777228017364 0.0005671393374076716 5.6713933740767161e-04 0.001141077071181736 0.0022197057222118357   
291 2910 0.013912964754534176 48.096449580817584 0.00045807696825483224 4.5807696825483224e-04 0.0009683963834871445 0.0013626712342757162   
292 2920 0.015213397689846609 48.46000956383462 0.00045807696825483224 4.8426069841002093e-04 0.0008929487890979768 0.001703815916780981   
293 2930 0.015617715772004851 55.17821196061494 0.00032098743706376334 3.2098743706376334e-04 0.0007399144371449027 0.0021642632102505843   
294 2940 0.015574059134551293 54.15847733414746 0.00032098743706376334 5.8710798887843976e-04 0.0009357119647145772 0.003056262422832999   
295 2950 0.014706369904185666 54.491259963570265 0.0002862033346543428 2.8620333465434282e-04 0.0015150912987946493 0.0031029524726887657   
296 2960 0.015016390045170799 54.615423294191935 0.0002862033346543428 2.9084341644526471e-04 0.0010483397989680143 0.0015853999779600148   
297 2970 0.015077518421096505 58.11576510352335 0.0002862033346543428 4.2272794107824487e-04 0.0007708552076822498 0.0015549030170315722   
298 2980 0.014166001822698216 57.55135293508456 0.00017696543840809846 1.7696543840809846e-04 0.0006510954510529608 0.0011820820557181216   
299 2990 0.013545401637606631 57.77116357423011 0.00017696543840809846 2.0918952314049992e-04 0.0005859784070076946 0.0009569811514654976   
300 3000 0.013018334895084988 58.83362301602846 0.00017696543840809846 2.6780387396196128e-04 0.0004274226888625139 0.0007899055212233127   
301 3010 0.01245676930412337 58.037041864411194 0.00017696543840809846 1.9249960506491449e-04 0.0006283797484686244 0.0011096472529352674   
302 3020 0.01080595757419566 57.3323994411474 0.00017696543840809846 1.7698935284808794e-04 0.00044226993200335006 0.0010788031134984725   
303 3030 0.010116897469135126 58.560049891692685 0.00015370953727718268 1.5370953727718268e-04 0.0005107147193635264 0.000751599548011893   
304 3040 0.009403046344066895 56.40266992031452 0.00015370953727718268 2.9356404618993578e-04 0.0005032277874801604 0.0007615594062413599   
305 3050 0.008144226028175758 56.633778501574554 0.00015370953727718268 2.1885581705821040e-04 0.0005354477064960568 0.0006601129488560307   
306 3060 0.0072913891789362925 58.44961290834158 0.00015370953727718268 1.7434604205125763e-04 0.00033406885742845834 0.00048692011511896927   
307 3070 0.006576805631838511 59.02268514952205 0.00014628350101650222 1.4628350101650222e-04 0.000220641017516078 0.00041812899133135146   
308 3080 0.006312586287712441 57.189716749436656 0.00012560175125939175 1.2560175125939175e-04 0.00024731163912201557 0.0004942425773818941   
309 3090 0.005898094737203488 59.5381760915569 8.75595355857117e-05 8.7559535585711706e-05 0.00018422517241980542 0.000250387139231041   
310 3100 0.006037286829629077 62.32321516860351 6.586646356402519e-05 6.5866463564025188e-05 0.00018540593351008868 0.0003341446876675493   
311 3110 0.006046324821924098 60.95898940753061 5.573405843840526e-05 5.5734058438405257e-05 0.00013125870846366806 0.00018079160381517247   
312 3120 0.005555791853852967 64.50422024560655 5.0912310821835544e-05 5.0912310821835544e-05 0.00014986779459202492 0.00018592633131368509   
313 3130 0.005229904366726308 61.488447348537406 3.5185090673333977e-05 3.5185090673333977e-05 9.10306206622299e-05 0.00021170673711582257   
314 3140 0.0060385509925860135 62.56427271977396 2.6952718778986372e-05 2.6952718778986372e-05 5.199655304469014e-05 0.00013345154345575182   
315 3150 0.0065850881103681706 61.50835688048206 2.6952718778986372e-05 3.9668510766259379e-05 6.556701364001699e-05 0.00011308016001379155   
316 3160 0.006481771992828335 62.66047416711295 2.2977894795950148e-05 2.2977894795950148e-05 7.833397424610085e-05 0.0001538747456048541   
317 3170 0.0064083023136150925 59.81935342764177 2.2977894795950148e-05 2.5067888186082030e-05 7.928439796339308e-05 0.00013064008794248216   
318 3180 0.005719967289160855 60.10823371112825 1.2523724939675838e-05 1.2523724939675838e-05 5.593128770731823e-05 0.00018058553887397407   
319 3190 0.005560726703657329 63.30826185546512 1.2523724939675838e-05 2.5316150184499260e-05 5.562901792556433e-05 0.00010527831289776357   
320 3200 0.005135752480900748 67.01480369090496 1.2523724939675838e-05 2.8228353722439565e-05 8.676992277387376e-05 0.00016199930893254032   
321 3210 0.004768796100261779 65.80872160878117 1.2523724939675838e-05 1.4337354846567154e-05 4.582768109635242e-05 8.593877562935903e-05   
322 3220 0.0042656186125462885 65.73014076019363 1.2523724939675838e-05 2.2088356243339684e-05 3.921257160450952e-05 8.690940941098903e-05   
323 3230 0.003890860297104639 63.90138349284891 1.2523724939675838e-05 1.3153798154808336e-05 4.22834400097563e-05 7.888317708757689e-05   
324 3240 0.003834154596096884 62.13651380456503 1.2523724939675838e-05 1.4379475578828867e-05 3.0844385329301004e-05 6.26233049334567e-05   
325 3250 0.0034061224862625326 65.37551817406805 1.0382537442919393e-05 1.0382537442919393e-05 1.9003445745453058e-05 2.9868183289165515e-05   
326 3260 0.0031192759423980983 64.25105413404506 3.959465072382279e-06 3.9594650723822790e-06 1.8405304175515512e-05 2.613203994875787e-05   
327 3270 0.0028352257967801902 68.92750190804605 3.959465072382279e-06 4.4058817089772877e-06 1.5482714998778945e-05 2.598230262534182e-05   
328 3280 0.0026686461338928835 69.47424885059732 3.959465072382279e-06 1.0354300163219575e-05 1.5011029015271183e-05 2.668176669249063e-05   
329 3290 0.0023988260061837247 70.3546004332381 1.931036296471812e-06 1.9310362964718119e-06 1.2337111167610013e-05 4.529896201753468e-05   
330 3300 0.002149465732516343 74.71592360982449 1.931036296471812e-06 2.0507553656432856e-06 7.436203543948626e-06 1.355902876399636e-05   
331 3310 0.0019924269606011783 74.21700833019923 1.931036296471812e-06 2.6369302571254567e-06 6.6300264313642715e-06 1.0482000690341222e-05   
332 3320 0.0018738684463451842 78.70755305201772 1.3253159489741307e-06 1.3253159489741307e-06 5.944190995048624e-06 7.109557503166945e-06   
333 3330 0.001883279757539633 75.50693645872767 1.3253159489741307e-06 2.3228387157572084e-06 4.697182027517134e-06 6.300342569338311e-06   
334 3340 0.0019440682974883837 74.11040620869507 1.3253159489741307e-06 4.4983197379222060e-06 6.225670339086369e-06 6.931906442833933e-06   
335 3350 0.0019130134619100565 76.18353040906347 1.3253159489741307e-06 4.1352200995652725e-06 7.5608878481436516e-06 1.2550989721676205e-05   
336 3360 0.0017571091965624117 75.08803243186352 1.3253159489741307e-06 2.7991574922872947e-06 6.755908638553969e-06 1.2333138735482128e-05   
337 3370 0.0016600669590054948 71.94720483681502 1.3253159489741307e-06 4.5929929267010077e-06 5.512711346661897e-06 9.518323328701138e-06   
338 3380 0.0015054344160197334 72.96346351026895 1.3253159489741307e-06 2.7352999823521413e-06 5.321810705709731e-06 6.497278409799104e-06   
339 3390 0.0014280666771068604 76.22462838508747 1.3253159489741307e-06 2.6666548198649421e-06 4.2631726746950726e-06 8.77782699394052e-06   
340 3400 0.0012422351568455998 75.60574609784422 1.3253159489741307e-06 2.2063695916054931e-06 4.154594003435236e-06 5.640292668516578e-06   
341 3410 0.0012479825738986536 77.60668356189247 1.3253159489741307e-06 1.6725602550871580e-06 3.165203572276766e-06 6.3126243932092944e-06   
342 3420 0.0012828645327015323 75.85778113420601 1.3253159489741307e-06 1.4419095883531115e-06 2.714942943333221e-06 4.766533052992646e-06   
343 3430 0.001322678416620826 72.61658377195891 7.622385945538447e-07 7.6223859455384468e-07 1.8606173268195704e-06 4.5079093545637406e-06   
344 3440 0.0014192834424607 72.77032916098057 7.622385945538447e-07 1.1372644191564583e-06 1.7082339899939976e-06 4.28412283186812e-06   
345 3450 0.0014209826895547769 70.10885170307634 5.542753491031973e-07 5.5427534910319728e-07 1.501377084306268e-06 2.4330424276839923e-06   
346 3460 0.0013414929726920934 71.18576466699815 4.3697026976702343e-07 4.3697026976702343e-07 2.2535577938130737e-06 4.407120980698579e-06   
347 3470 0.0011771744882697775 68.83310421595405 4.3697026976702343e-07 1.2638180512844098e-06 2.1701045451271507e-06 4.100829303660883e-06   
348 3480 0.0011359622171758885 68.16436453402673 4.3697026976702343e-07 5.9464736022449311e-07 1.67298569152764e-06 2.233393882736947e-06   
349 3490 0.001077790555236352 69.38739546586139 4.3697026976702343e-07 4.7162557266109654e-07 1.1830980616163357e-06 1.9549063589009984e-06   
350 3500 0.0009718345133686886 70.22340441674628 3.628408002796114e-07 3.6284080027961137e-07 1.4341163196112113e-06 2.6827895819076045e-06   
351 3510 0.0008463075256332248 67.69130420184443 2.656691070164982e-07 2.6566910701649820e-07 1.0371482588660043e-06 1.558969296164368e-06   
352 3520 0.0007798856543685053 68.91585880544092 2.656691070164982e-07 3.5981818617993472e-07 6.676219684858868e-07 8.392895342096668e-07   
353 3530 0.0006678688449020405 69.266829506 8.0884720399439e-08 8.0884720399438996e-08 7.42233018375621e-07 1.1240692975532005e-06   
354 3540 0.0006365595445044994 68.80482809136704 8.0884720399439e-08 1.6200806789246508e-07 4.4645003127081855e-07 6.26735122874469e-07   
355 3550 0.0005996008393670198 69.89049746213905 8.0884720399439e-08 1.4891758814708780e-07 4.3234419342923043e-07 6.907914872607182e-07   
356 3560 0.0005666483002630064 74.25959102354867 8.0884720399439e-08 1.8158561361958556e-07 3.078710176911439e-07 5.77346519899334e-07   
357 3570 0.0005603075568252832 79.00462359816885 8.0884720399439e-08 9.5831393898220567e-08 2.677199360394332e-07 3.951191936063754e-07   
358 3580 0.0005175325544495327 77.99346299350005 8.0884720399439e-08 1.0201186635505513e-07 1.78309097137248e-07 2.9530734548283855e-07   
359 3590 0.0004619297509626587 77.15471055364608 7.883698411025493e-08 7.8836984110254932e-08 1.8111249520184137e-07 3.482187310639496e-07   
360 3600 0.00040211490224500426 78.48577475072366 2.4442040698464064e-08 2.4442040698464064e-08 1.1296792566588421e-07 2.892148681107239e-07   
361 3610 0.00043024635142365175 77.69248748203472 2.4442040698464064e-08 6.0012900401813230e-08 1.527240354727998e-07 3.5888459576370194e-07   
362 3620 0.00043395282368629493 71.76225442322648 2.4442040698464064e-08 8.1206408005715319e-08 1.466113007943081e-07 2.51826810302139e-07   
363 3630 0.0003899295905440635 72.21033773370988 2.4442040698464064e-08 8.9778786064221605e-08 1.4506922295537547e-07 2.1753469279702144e-07   
364 3640 0.00036823239795757653 72.89824601958146 2.4442040698464064e-08 5.5682615302030002e-08 1.0754701981653891e-07 2.1105288808652306e-07   
365 3650 0.000337168143102685 70.06340744377631 2.4442040698464064e-08 4.0855521832915146e-08 1.1080044724202146e-07 2.2838491708079636e-07   
366 3660 0.0002854488410653415 70.87496141651305 2.4442040698464064e-08 4.6192189417768301e-08 7.81310013887676e-08 2.0967918754146054e-07   
367 3670 0.0002580786712967064 72.75664480659924 2.4442040698464064e-08 3.3802214521421309e-08 8.034115406266135e-08 1.350284399016044e-07   
368 3680 0.0002498750249596223 75.40310120877419 1.586120017641813e-08 1.5861200176418129e-08 4.3838094900477294e-08 9.732566171465986e-08   
369 3690 0.00022541110299816223 78.43347227425662 1.586120017641813e-08 1.9242860089487797e-08 5.3391562793492185e-08 8.475511718777113e-08   
370 3700 0.00020460256983750413 78.69270376860251 1.5376250596277027e-08 1.5376250596277027e-08 3.402404975612616e-08 5.826574908723401e-08   
371 3710 0.0002077029415111949 77.51301364952015 1.5376250596277027e-08 1.5703209972758758e-08 2.7724742709460413e-08 5.596408027815474e-08   
372 3720 0.00019385390763781743 76.01277245377979 1.105821071454678e-08 1.1058210714546780e-08 3.412695035255152e-08 8.091248134984057e-08   
373 3730 0.00018470015203231362 79.67910405298551 1.0296423728207654e-08 1.0296423728207654e-08 1.8401568230322138e-08 3.425443973706565e-08   
374 3740 0.00016447526203701535 81.45146721302876 4.4098813416372856e-09 4.4098813416372856e-09 1.6482858580199586e-08 2.808490305653726e-08   
375 3750 0.00014576246099878514 82.01799093426716 4.4098813416372856e-09 5.9199887038987247e-09 1.1960989237859058e-08 3.118968417141667e-08   
376 3760 0.00014692861399330647 83.29735516392121 3.302082221544429e-09 3.3020822215444291e-09 1.1775927785829821e-08 1.7013063005350782e-08   
377 3770 0.0001388334523622063 84.00322657375197 2.801167872082597e-09 2.8011678720825972e-09 9.015230097611975e-09 1.2795254972066994e-08   
378 3780 0.00012550696005239566 87.34241293037894 2.4380997066918705e-09 2.4380997066918705e-09 6.890448458695175e-09 2.8660710321154055e-08   
379 3790 0.00010832853222652924 81.5834523108661 2.4117314553737474e-09 2.4117314553737474e-09 7.090794670194822e-09 1.457663129224559e-08   
380 3800 9.83066804062329e-05 83.37808182150061 2.1535568283518793e-09 2.1535568283518793e-09 5.765430953633897e-09 1.0465652075671059e-08   
381 3810 9.386096231310552e-05 85.91681969751848 1.7144227199916005e-09 1.7144227199916005e-09 3.706888508243135e-09 7.688253304127087e-09   
382 3820 8.249858934195917e-05 87.76588203774467 1.3477313202642968e-09 1.3477313202642968e-09 4.240822869706808e-09 6.490742765258981e-09   
383 3830 7.60653084625783e-05 84.93213402381815 1.0185358331906436e-09 1.0185358331906436e-09 2.0275510944892674e-09 3.907843930036369e-09   
384 3840 6.922628857872732e-05 81.98141570474363 6.071384018667727e-10 6.0713840186677267e-10 1.4028116731250607e-09 4.324944313452779e-09   
385 3850 6.248117670514323e-05 79.34054755889413 5.384996048971058e-10 5.3849960489710581e-10 1.6519049225554331e-09 3.2353870009841247e-09   
386 3860 5.8888018799347844e-05 79.84130356880239 3.393343274664272e-10 3.3933432746642722e-10 1.2530734799543232e-09 1.8984098275872305e-09   
387 3870 5.647233355640152e-05 74.11178689293669 3.377542304989686e-10 3.3775423049896860e-10 1.2010163525812338e-09 2.0552380632615654e-09   
388 3880 5.089392420518803e-05 74.5424362797958 9.175116988826763e-11 9.1751169888267632e-11 9.537789492944404e-10 1.9272968172276153e-09   
389 3890 4.439462277783298e-05 70.48724658365414 9.175116988826763e-11 1.0248425388023923e-10 9.265378446331747e-10 1.7276540493360488e-09   
390 3900 3.894038565823889e-05 69.5172387949238 9.175116988826763e-11 1.7040902307982313e-10 6.902428114879623e-10 1.1724139173185338e-09   
391 3910 3.6497542342885316e-05 68.05720641194546 9.175116988826763e-11 1.0411426709443912e-10 5.498320669974629e-10 8.334061416895055e-10   
392 3920 3.57627569425678e-05 69.55171877011354 9.175116988826763e-11 2.1749551521610652e-10 3.5206439817381954e-10 5.173676890454546e-10   
393 3930 3.139281793182745e-05 67.94085622112271 8.844321626508351e-11 8.8443216265083510e-11 3.4974735234449403e-10 5.876232806110098e-10   
394 3940 2.7579429840786914e-05 65.39958632821819 8.844321626508351e-11 1.3477207329807980e-10 2.0357173638497396e-10 3.936734378954668e-10   
395 3950 2.3920442917305613e-05 66.5338410611737 6.425755929094814e-11 6.4257559290948139e-11 1.2304377958690547e-10 3.5007841884077894e-10   
396 3960 2.1316317623622957e-05 64.71797512404257 3.735523291179525e-11 3.7355232911795252e-11 1.2839648106628684e-10 2.725046312884805e-10   
397 3970 2.0011250190395215e-05 64.316356307919 1.9843537548057975e-11 1.9843537548057975e-11 1.3999449490498268e-10 3.804350645865701e-10   
398 3980 1.850801752377913e-05 58.91317490390218 1.9843537548057975e-11 5.0745292956146809e-11 8.258360324257637e-11 1.4144528297287614e-10   
399 3990 1.6517546890063876e-05 58.42874531399577 1.2665115007452144e-11 1.2665115007452144e-11 7.240747535779057e-11 1.6309486185555868e-10   
400 4000 1.4469921648111314e-05 57.50394713303874 1.2665115007452144e-11 2.2848237915630073e-11 4.911076631258609e-11 1.079768786200039e-10   
401 4010 1.2782184987882496e-05 57.341755724310126 1.2665115007452144e-11 1.8628015641083834e-11 3.4731738122742385e-11 9.621066073246952e-11   
402 4020 1.1207855366265497e-05 57.171846129577254 1.0391205455764596e-11 1.0391205455764596e-11 3.29250699525959e-11 6.383963254630265e-11   
403 4030 9.465436196663233e-06 55.62157203659797 1.0391205455764596e-11 1.0625222985325533e-11 2.1750385906136093e-11 4.214006340076239e-11   
404 4040 8.74583283443835e-06 56.0682940848498 9.465636450110783e-12 9.4656364501107828e-12 1.796330735577633e-11 3.013034335395347e-11   
405 4050 7.78181347990069e-06 56.210169092058145 5.993335925909365e-12 5.9933359259093648e-12 1.573019490120197e-11 2.4900898378086332e-11   
406 4060 7.13519489638057e-06 54.69161784647068 4.5845209369249056e-12 4.5845209369249056e-12 9.511003610688775e-12 2.3081675441281066e-11   
407 4070 6.233198497655281e-06 54.77033414874993 3.234118722141388e-12 3.2341187221413878e-12 7.340684995931163e-12 1.0776455572451008e-11   
408 4080 5.690880014360377e-06 52.586910375736075 1.9867088710872025e-12 1.9867088710872025e-12 5.059343447021419e-12 1.1644463155726071e-11   
409 4090 5.5007803787128524e-06 57.30972676189412 1.9867088710872025e-12 4.3162255870432359e-12 5.862907175723835e-12 9.54752368628872e-12   
410 4100 4.962425547371962e-06 60.22326517075332 1.9867088710872025e-12 2.4751878203150797e-12 5.3314155572796755e-12 9.619212086202549e-12   
411 4110 4.570331078131469e-06 58.31871025812172 7.830988306773312e-13 7.8309883067733121e-13 2.8074679122055915e-12 9.170007623181897e-12   
412 4120 3.9741766353166294e-06 57.576697575245824 7.830988306773312e-13 9.3641379854693469e-13 3.271528423018579e-12 5.570522284396554e-12   
413 4130 3.6375801645079463e-06 57.407685514579754 7.830988306773312e-13 9.0036683628250285e-13 1.7806887599888302e-12 2.898988837502875e-12   
414 4140 3.5247326089182528e-06 60.34211994912404 6.208319265598226e-13 6.2083192655982261e-13 1.1636714906062123e-12 2.107188097776908e-12   
415 4150 3.1253498853823083e-06 60.78912256999752 4.626068717215314e-13 4.6260687172153144e-13 1.5827567381676823e-12 2.5363955862751538e-12   
416 4160 2.9788359586330067e-06 60.30180371891318 4.3073872868085266e-13 4.3073872868085266e-13 9.060617684049133e-13 2.067750829793872e-12   
417 4170 2.7539276649843556e-06 58.99599758275308 4.3073872868085266e-13 5.6928925176867468e-13 1.2689225303365081e-12 2.4781415563236947e-12   
418 4180 2.4610045548120183e-06 59.664578382957714 1.3663510741057806e-13 1.3663510741057806e-13 9.714445996769147e-13 1.879492969371946e-12   
419 4190 2.3581636279986497e-06 60.86343208473644 1.3663510741057806e-13 4.0283781752633672e-13 7.718389579346027e-13 1.339321082157153e-12   
420 4200 2.0941063939157474e-06 58.97023902990453 1.3663510741057806e-13 1.4257031694104041e-13 7.543347604885038e-13 9.452529908980593e-13   
421 4210 1.8949976831181615e-06 55.09663159400344 1.3663510741057806e-13 2.6141070716695954e-13 4.657450319915225e-13 8.971148945628263e-13   
422 4220 1.6807468952988313e-06 53.92814027406683 6.866709892739344e-14 6.8667098927393442e-14 3.6290584429223743e-13 5.146324066991603e-13   
423 4230 1.6493463072923286e-06 52.81339152966299 6.866709892739344e-14 8.2073390463467526e-14 2.991016152552153e-13 9.397372944541535e-13   
424 4240 1.5962858371339537e-06 51.93003150550213 6.866709892739344e-14 7.5542451550913893e-14 3.0089824653134317e-13 4.656798241508368e-13   
425 4250 1.5482864745799932e-06 51.51519320365353 6.866709892739344e-14 8.3958875758247583e-14 2.2653747141684748e-13 4.4763090897794165e-13   
426 4260 1.5501887633864355e-06 48.25801788535655 4.7081353651956426e-14 4.7081353651956426e-14 2.2349124125823528e-13 5.29057735110233e-13   
427 4270 1.4384500120497609e-06 46.982975052789556 2.99830580668269e-14 2.9983058066826901e-14 1.8133800566764104e-13 6.084021272884875e-13   
428 4280 1.335788809115876e-06 48.351265446288934 2.99830580668269e-14 5.1117750336987831e-14 1.3451598013266135e-13 2.7899111835498965e-13   
429 4290 1.1502489644631673e-06 46.4157483637522 2.99830580668269e-14 4.3156848822430536e-14 1.2142189883490355e-13 3.2557281997463096e-13   
430 4300 9.892160007054074e-07 46.42604732710497 2.99830580668269e-14 3.4639227049257376e-14 5.844384556558829e-14 1.9626018236046467e-13   
431 4310 8.353610044627309e-07 47.43962889832765 2.99830580668269e-14 6.7110271463430815e-14 1.2221322143672926e-13 1.8455542318526614e-13   
432 4320 7.873988834081298e-07 46.85552947717529 2.613374327861699e-14 2.6133743278616991e-14 5.4895225162842505e-14 1.4440589177555094e-13   
433 4330 7.270904580294185e-07 44.306001760229556 1.4949531063158584e-14 1.4949531063158584e-14 3.970839661852852e-14 7.462751625395268e-14   
434 4340 7.038865441637034e-07 46.2224259894669 1.4949531063158584e-14 1.9193030079055079e-14 5.510152555058843e-14 7.165476337410073e-14   
435 4350 6.532913163708164e-07 49.37346161407222 1.4949531063158584e-14 2.3722959263304273e-14 3.7599425820159436e-14 8.743476886931072e-14   
436 4360 5.470935786268082e-07 50.3779339838678 1.3517052071138253e-14 1.3517052071138253e-14 4.142019363507602e-14 6.631866430672346e-14   
437 4370 5.007679035666409e-07 50.582424350491365 1.2574835880721616e-14 1.2574835880721616e-14 2.205459837893262e-14 4.4285024718100523e-14   
