% # columns="iteration, evaluation, sigma, void, void,  stds==sigma*sqrt(diag(C))", seed=912442, Tue Jul 14 20:44:01 2020, <python>{}</python>
1 10 0.4544320208798217 0 0 0.45194451619773823 0.44681935671468287 0.45012770364004356 0.4502725323466106 0.44056461602085906 0.4679963683729446 0.45596058220089986 0.4466810112336298
2 20 0.3965257678611667 0 0 0.3814320095760761 0.38407871820766903 0.385222612367553 0.3749369003985684 0.3799882476851005 0.4070741268782077 0.39439088166182157 0.38642609346186707
3 30 0.35500802082341487 0 0 0.34010812752809516 0.328555970759874 0.3423910862714843 0.3242258491190758 0.33857285269851295 0.3476714102456934 0.3633039360773538 0.34341913956025216
4 40 0.3378530017937716 0 0 0.3151306289269074 0.3088531089830167 0.3248245854553561 0.307314066319382 0.3200356183008073 0.3291718046906139 0.3365328631740327 0.32813664006902193
5 50 0.32415636271907433 0 0 0.30458665039879523 0.29022991994015296 0.30878591938233513 0.3029461880547246 0.30480335524145896 0.30843401374265933 0.30249690454776396 0.31037444525821795
6 60 0.33368654146215637 0 0 0.3084781556085556 0.3071199123787695 0.31428601547198787 0.3024965701860765 0.30879599418108195 0.3210915427784948 0.3075863275943798 0.32369667523887197
7 70 0.3458453970396889 0 0 0.3191459146465233 0.3113890978460172 0.3182902708639751 0.33316185505805224 0.3113049433065716 0.33620049500917726 0.3091666031767779 0.33965965660082287
8 80 0.3111809032306063 0 0 0.2811451258364832 0.28593238043324726 0.281240217163081 0.2977394254580462 0.278753466971409 0.2940585370260366 0.27532165774925305 0.3008765061731224
9 90 0.2914461442379642 0 0 0.2619258792725947 0.26730764272249025 0.2553442615720901 0.27388819929048325 0.24802103099989403 0.27590464195920505 0.25120218308679293 0.27884335286162426
10 100 0.27322523061831727 0 0 0.24691599546870305 0.24938055712793397 0.23487329209168492 0.25478996259768943 0.2191312971725645 0.25998525723692373 0.24016237784189096 0.26580687087728866
11 110 0.28154725502655337 0 0 0.2535701986525455 0.253460902831215 0.23191323992429935 0.24606594802119586 0.22545248292289655 0.2736025190630187 0.25633977113824213 0.2899391445214955
12 120 0.28791700465504694 0 0 0.2648156367844206 0.26222897083801716 0.23182521256853933 0.24834738109340088 0.2281526292826481 0.27476603848269776 0.2612630414758966 0.3012668185771178
13 130 0.2702478086399683 0 0 0.24630176827969263 0.23416643240292961 0.21663532590195894 0.23258987378273413 0.21090851603136185 0.26737546638683063 0.24345729559291837 0.272541671186677
14 140 0.23925321287161197 0 0 0.21973319102845731 0.2037402484009825 0.18981235203267421 0.1951028288865732 0.18252286418657698 0.2315775173951716 0.20973315549382307 0.23532456645548291
15 150 0.22406529970524394 0 0 0.2029532302122168 0.18335895707561137 0.17872196140716287 0.18058211439352714 0.1676218310811054 0.2150973790945627 0.19971298210523641 0.21593659122494505
16 160 0.22202484872764547 0 0 0.20209510401669126 0.1839993942981299 0.17462967771349144 0.1741471889002486 0.16418451297578945 0.21128960793638826 0.19726579421986615 0.21920229152517406
17 170 0.2178764405385885 0 0 0.19077455833694945 0.17418610369649898 0.16840185092093757 0.1730272202299543 0.160292763702655 0.20849539034338893 0.19208345504493302 0.216786899733633
18 180 0.19259854766591933 0 0 0.16280361423757805 0.15403548486707463 0.1471379552184754 0.15641603644693722 0.14070381198250695 0.17801571624415582 0.16857690690782992 0.18898581574013748
19 190 0.16676950222217315 0 0 0.136836483643093 0.1285130605933073 0.12642395090623873 0.1309170880138807 0.11975960056099819 0.1517402394047319 0.14596553666023324 0.15917177866037155
20 200 0.15216746205931164 0 0 0.12601644510883192 0.11638144215060482 0.11555413633266869 0.11642593172626824 0.107730373403898 0.13607812846475373 0.1282508691847618 0.14120329813021057
21 210 0.1464629003564124 0 0 0.12489534263731443 0.10942511871303996 0.11092953329395241 0.11192676374658908 0.09884246575849132 0.126849243748227 0.11795243233013587 0.13044543934702404
22 220 0.13912397751264588 0 0 0.12117230233478946 0.10258695585137183 0.10455324997993051 0.10307048931909137 0.0920988045616328 0.11936058933678188 0.10912913908008463 0.1215479747339653
23 230 0.1274520787964018 0 0 0.11096836211157073 0.09651635089219349 0.0904327768210584 0.0923559032378951 0.0787194979370796 0.10527127774114055 0.09658838740819764 0.11031030835477368
24 240 0.11805483438595377 0 0 0.10227618884058254 0.09135204440606792 0.08305035786168077 0.08324862613569077 0.07284146374909624 0.09625684558777581 0.088654675746417 0.10176856894659525
25 250 0.10304346476277576 0 0 0.09054587787156307 0.08073829786683875 0.07008634891560947 0.07191707930614682 0.06293631477870584 0.08088186845390959 0.0742107312412137 0.08708089391048092
26 260 0.08920983054038886 0 0 0.07812818709080374 0.06642631637698085 0.06092325165702971 0.06222102894136637 0.05359402582722784 0.0691107939443914 0.06409066798926302 0.0737652003108881
27 270 0.08008165615630697 0 0 0.06815618749660192 0.05840468823727511 0.05585986093773721 0.0554240244494817 0.04731549401064065 0.06109413133143626 0.052445345044496855 0.06575058649749052
28 280 0.07641256006920008 0 0 0.06517320352114554 0.05524135923664157 0.0527193516384392 0.055335718334052174 0.04496492784080229 0.05678113187704171 0.04865374850385831 0.06138529099107766
29 290 0.06595604701086796 0 0 0.05617038588402666 0.0473569093831264 0.04546234294956535 0.04723585876118123 0.03869632301388664 0.04921427013383474 0.041297307772115675 0.046705851422737574
30 300 0.05999042997969709 0 0 0.05078423802531396 0.04206853559766041 0.040572423104976545 0.043092773272385795 0.034632199504778347 0.044661755581453806 0.037854795833042076 0.04210999355393989
31 310 0.05467174354283503 0 0 0.04575407673375604 0.038006323909306784 0.03632839344620275 0.03684385556541598 0.030670361331689617 0.040599787679139195 0.03454412996743661 0.03918188949498959
32 320 0.0456247218385377 0 0 0.03752062281936323 0.03102159449808768 0.030153950047854306 0.028986142138302397 0.025543338031430687 0.033878602762326106 0.02801775224459488 0.031776275268372484
33 330 0.04093225947537103 0 0 0.033044260603501976 0.027738734331955853 0.026860488696675316 0.02596502608881186 0.02355743755412072 0.029392472353812708 0.02433579931340884 0.028250773449613995
34 340 0.03511930524962951 0 0 0.028031438014534928 0.023846301328574453 0.022665468083607282 0.021795661955049478 0.020046476890343556 0.023557012945507837 0.0206823579034114 0.02382667724062131
35 350 0.029906599479588288 0 0 0.022322468138598225 0.01912090050056795 0.019362625910157905 0.01856436324814452 0.017192830437058746 0.020000103558352043 0.017643719884547625 0.018734010845049314
36 360 0.027294766714834683 0 0 0.020226737102685147 0.01756808398667618 0.017865725512425875 0.01684841314017133 0.015435151735998413 0.01693105337191946 0.0160550397585654 0.016354497500891973
37 370 0.027374059901911416 0 0 0.020651622038597738 0.018011905390228778 0.018346363891790278 0.01640182552028285 0.015297965640259637 0.01668956003708416 0.015551355966056831 0.016355038291391892
38 380 0.026709655334474152 0 0 0.02076533914861804 0.01799076976010627 0.017204252736802667 0.01630758672826465 0.01482020243768534 0.015911218083590074 0.015023787554183848 0.015674486515765296
39 390 0.025600565679459224 0 0 0.0194516832361319 0.017160790121330077 0.016068507532653403 0.015489000030093123 0.014279891579033508 0.016216899266059515 0.01469266800630415 0.014018556321482542
40 400 0.024182748187331557 0 0 0.0181234680525046 0.016642554043955936 0.015267248151454757 0.014565395946481652 0.013050042294213157 0.015263911008989293 0.013418519879452681 0.013481584034440924
41 410 0.02284663799195565 0 0 0.01725850420760633 0.015457819759559718 0.014464323946038835 0.013260637824296036 0.011676682505153899 0.014594308054394968 0.012372907362647435 0.012596656901103221
42 420 0.022570369108995497 0 0 0.016773153448257676 0.01549865881184696 0.014365885775763516 0.01304117521909118 0.01174232388565943 0.014446762121514333 0.01183817066482527 0.012809538682360804
43 430 0.024151104577177274 0 0 0.01861169574473385 0.01676948400974767 0.015368640991003366 0.01262575511978747 0.013029054943063707 0.015546746892694719 0.012778009483734618 0.01389226445237359
44 440 0.0219932721482827 0 0 0.016723275568152438 0.015177098276601957 0.013811354455697774 0.01142349404534077 0.011773879755528096 0.014171264384772857 0.011207960227015286 0.01215537082489214
45 450 0.021117303398675687 0 0 0.015722496136808133 0.014843029352047803 0.012700644529715428 0.011008970025681929 0.01125063425155008 0.013155488931249074 0.010641756556144528 0.01153667303756316
46 460 0.019704677986928168 0 0 0.013830456741954513 0.013841496682387261 0.011541280184640105 0.010550669802337768 0.010401440894617966 0.012239457032011191 0.00991099483726439 0.010709600409147401
47 470 0.020048911957494066 0 0 0.014617681972424322 0.014216738038255076 0.011502247589991134 0.010956223778579742 0.01055446141581976 0.012354240635039789 0.009922055920357897 0.010724983711188761
48 480 0.020192855718980066 0 0 0.014694886940235822 0.01452203267454634 0.011853127854186143 0.011151090246523644 0.010438998993711495 0.011640590796032455 0.009841457468448916 0.010519350211440324
49 490 0.02098692347596177 0 0 0.015458003356036306 0.015402445351228856 0.0127574387072588 0.011682213478225905 0.010573376046157861 0.011901077019719139 0.010352386196305918 0.011108520752022183
50 500 0.021520309636060466 0 0 0.015346691827986795 0.016376214872739214 0.01369765905604974 0.012014990913398126 0.010249325422538487 0.011670326690334566 0.010762508452952336 0.011265915702518349
51 510 0.022593631445102225 0 0 0.016778324857639398 0.01868559554568994 0.01444291084079964 0.01250470863558659 0.010619325735611865 0.01225901688758101 0.011561887277892731 0.011624376613052165
52 520 0.02639465993745562 0 0 0.02167632968395129 0.024817088197369667 0.018470948597054188 0.01553060519947615 0.012033262490691816 0.01448218533072089 0.013348731710806435 0.013733093787595796
53 530 0.02902735376585723 0 0 0.025673865381433916 0.0306548632937811 0.02139438486311518 0.017184157954283918 0.012968319153371315 0.01580463236721876 0.014424394996199337 0.014904169953297814
54 540 0.03578007216642763 0 0 0.03339216942784843 0.04074761837567518 0.027500448614370336 0.02160044149511125 0.015546005031923294 0.019317566329311253 0.017567960401164977 0.018025611094727986
55 550 0.038883539816766746 0 0 0.036219898291226627 0.044216349792469425 0.029906668701301282 0.023352457192291932 0.016587437762197607 0.020434649490954835 0.01826717910986231 0.019177069903012513
56 560 0.041432401145994564 0 0 0.039163876859760624 0.047630340243034176 0.03316940234498454 0.024156903436703712 0.01724603826149513 0.021715166501909956 0.01926325469462987 0.020270926595756737
57 570 0.04342390930748312 0 0 0.04083596093232714 0.05010876204079085 0.03599459043354523 0.02539201508453891 0.018086038094098977 0.02285229120365506 0.020105880977620075 0.020993992952991758
58 580 0.04137616916508908 0 0 0.038796861521071146 0.04683174746266294 0.03450129117479154 0.024550535968387598 0.017109204469175233 0.02168564220413188 0.018694041420234404 0.020190729959993468
59 590 0.0384781468516198 0 0 0.03615758007394142 0.043585738917382204 0.032438589137742786 0.023080160011948434 0.01501622670958486 0.02031177925841847 0.017004461244332737 0.01879649690070492
60 600 0.03749914516992254 0 0 0.035411646623465326 0.04372062964140254 0.03340064167980223 0.02330451244622886 0.01447889325372269 0.019882210961384046 0.015944002466791674 0.018182552739804236
61 610 0.03734871823950707 0 0 0.03411493292083304 0.042500581303825016 0.03411567120024012 0.023774111612351483 0.014185217447249716 0.019797467549547178 0.015743868607448728 0.01822176203042884
62 620 0.035234855164129476 0 0 0.030642855964425873 0.03768329261023093 0.03023136471143351 0.022112617372143026 0.013046696108472946 0.01803946067690969 0.014557718434019505 0.017265461058584147
63 630 0.03664728374254893 0 0 0.03143566418281604 0.03882015639898528 0.03203271602992418 0.02269725057378397 0.01317486312843154 0.018738008010117633 0.015355115375771618 0.01765201268931354
64 640 0.041087646200766784 0 0 0.035170494958401195 0.0456416904477966 0.038262532445838306 0.02544827847275824 0.014879102425909464 0.02067679770083621 0.018073624496071694 0.019047317553227097
65 650 0.03939966705566897 0 0 0.0333698083455529 0.043521370976386885 0.03648633530062355 0.024236597984277113 0.01411940631306169 0.01931599681538192 0.017461552596241683 0.01791813456283174
66 660 0.03909566008737869 0 0 0.031883815929239896 0.0415981292290056 0.03500265364788558 0.02429716145674595 0.013645978437575512 0.018879124049840615 0.01736294823149015 0.018039550488612426
67 670 0.03795718788586789 0 0 0.030280823785279812 0.03990272900079015 0.03361073382352279 0.023660807017052646 0.012945368121559222 0.018393792346854936 0.01671901348323643 0.01737413108590864
68 680 0.03576916944416005 0 0 0.02809876281082586 0.03743833899951987 0.03156998322032264 0.02226719637213864 0.0121083996180812 0.01738975157995795 0.014742836708467467 0.01637952767074066
69 690 0.03651374423541974 0 0 0.02826627369901406 0.03766809676903479 0.03290968183739746 0.022152425969116707 0.011985301216607337 0.017584770681434256 0.014833538382982727 0.017228233459462314
70 700 0.037121133983929855 0 0 0.027142151181981693 0.035930569040293056 0.03298754583637917 0.02231151695676383 0.012028482659559813 0.017700573422651047 0.014893210960914947 0.01770778565329587
71 710 0.04097141536775764 0 0 0.02919302799746492 0.03950060318836619 0.03791642717167994 0.023768527834393097 0.014130209431226736 0.019103834294864393 0.01663840273216335 0.019523984512593753
72 720 0.04106910366641798 0 0 0.028114788042563725 0.03871779535450657 0.03878304543314487 0.023843184687165495 0.014122974574253435 0.01886725690969574 0.016274417878391227 0.018798198922803645
73 730 0.04191311636114246 0 0 0.02703417715276761 0.03903051761938617 0.040851431546493185 0.026582030805652065 0.014556910821067727 0.018514936337387718 0.016494899406270806 0.019167547079080596
74 740 0.04803477359903606 0 0 0.030829922157666955 0.0458024569249904 0.05062630016434902 0.03423760262204064 0.01698559816620696 0.021530609134805808 0.018504296047468602 0.021793426439116144
75 750 0.051094967719565676 0 0 0.031506198726415434 0.046885803251041164 0.05327723541555811 0.037135917762229784 0.018546192691811157 0.021477204980465153 0.020075781180435067 0.023201485701838307
76 760 0.05251203502881622 0 0 0.0315332059294964 0.04651990638688412 0.0518278498994309 0.03732869121710319 0.019346855021994108 0.021005214040782743 0.020435160942293196 0.023178392718778126
77 770 0.05322022270720403 0 0 0.030587656757119844 0.04442936605219561 0.05033726349916152 0.038559010353172704 0.02025236122297945 0.021159541492065365 0.02079881529940985 0.02346028866886487
78 780 0.05601660444825934 0 0 0.03210494082232684 0.046241690437490754 0.051707915425702196 0.040020204714447984 0.022038877665532062 0.022024623670350716 0.0216889199543007 0.02397269451993677
79 790 0.06519918940778306 0 0 0.039361490997761844 0.05696382821176588 0.06335750711704621 0.05120525050821427 0.028940767406294334 0.025405551927616517 0.02328598346408761 0.028124165087409846
80 800 0.0637197128861048 0 0 0.036507226668984316 0.05410350361106268 0.059216421038896516 0.048901010763280815 0.028406189725890867 0.024666918594620144 0.022452701454349345 0.02731791163293473
81 810 0.059584856581386236 0 0 0.033970807328118455 0.05020991651124623 0.05577545289757076 0.046571365401661985 0.02707046306495688 0.022434904642976823 0.02043882224847208 0.025640603994228225
82 820 0.056109096755759216 0 0 0.031538141586292215 0.046952174538140254 0.052315890693025356 0.04320931895738955 0.02529058691870705 0.02090418374982313 0.018624566414302494 0.024169165348415685
83 830 0.05761433080897314 0 0 0.032494029747975724 0.04793539965407971 0.05506916753984848 0.04461215079138746 0.025646759370386962 0.020824650574850435 0.01901611382175249 0.027256192420570195
84 840 0.054300452314370154 0 0 0.02993453165812498 0.0438713430838663 0.05035705075688963 0.04169319322075227 0.02434779471677406 0.019462236922997336 0.017129513952244737 0.025508315890048542
85 850 0.052117915920039545 0 0 0.028450838534070946 0.041988605816830046 0.04846568052352345 0.03822608281863597 0.02345518475967837 0.01852735849140141 0.016388640439510778 0.02348609924086832
86 860 0.05035196148128247 0 0 0.02715497082523681 0.03935137913953951 0.045312266235554684 0.035118799897767734 0.02240209046594676 0.018066611345031604 0.015865088565679943 0.021891938158317414
87 870 0.04803993381407361 0 0 0.02559732429547862 0.03687470070122098 0.04218088263961998 0.03358367761259982 0.021892067202514187 0.01705121748838641 0.015446215194559533 0.01983254751560788
88 880 0.049404123155670984 0 0 0.02559375516475422 0.037026345384834944 0.042413836239080696 0.03502653657491045 0.023526258106167246 0.017239474999297507 0.015492937191711615 0.02072119261625882
89 890 0.046312984516449524 0 0 0.023576228454088632 0.03420978689750739 0.03890751822474214 0.03238547484399422 0.02208621904177943 0.015508607507321187 0.014605336982404439 0.018880433324315816
90 900 0.04194042005222111 0 0 0.021337825938128056 0.031209533338569694 0.03567282728806354 0.029418307084502163 0.020056157094945227 0.013470563787206137 0.013082772003627282 0.016917485908251307
91 910 0.0406346545927619 0 0 0.02034116386010821 0.030859108435664643 0.03590490378765589 0.029715132958054648 0.019954702355844362 0.012909564856613433 0.012499432350655345 0.01642680511460442
92 920 0.03730841561041972 0 0 0.018142399590830104 0.027420391505221277 0.03243710553861902 0.02707264659726994 0.017515882257057237 0.01178140333248038 0.010857673436405499 0.01470899553520126
93 930 0.03555687684168665 0 0 0.01783246721598504 0.02626588652389747 0.030624177112674636 0.025488090729127742 0.016651768625810314 0.011228543128875841 0.010208228450028703 0.013707068865485127
94 940 0.03496944606981231 0 0 0.016808397284861207 0.024387092940898022 0.02850119442812175 0.024775259282701544 0.01619119496301448 0.010872561607114297 0.01013898282329143 0.013210088086027381
95 950 0.03554519121383031 0 0 0.017340906922820705 0.024963516988814608 0.029162387237608983 0.02655178131521346 0.017496648178236856 0.010771840251316389 0.009982239136549515 0.013095754001943023
96 960 0.03220069763207747 0 0 0.014945338689887473 0.021136337672608835 0.0247610606308986 0.02331706475826612 0.01558753063930584 0.009470484124389271 0.008932957386364659 0.011791722584323176
97 970 0.033040533968229736 0 0 0.015066059224432502 0.021515123942634693 0.025487112635867795 0.0239871225772789 0.016448519123310863 0.00973292550237084 0.00929895548935517 0.012773200762545728
98 980 0.0325267588076551 0 0 0.0134800066361118 0.01983235349701739 0.02399308203460975 0.022817124220294634 0.016171729276144433 0.00985590393200538 0.009113522957285129 0.01253542540261055
99 990 0.0331068161648955 0 0 0.012947764698901913 0.019071585143083665 0.023656834537912973 0.022472035424480324 0.016514515304351673 0.010262473386234039 0.009124296594307593 0.01242869267858194
100 1000 0.03578504304235655 0 0 0.014027592585097415 0.020387616068183886 0.025158973478991577 0.02487728090200301 0.019096396465261914 0.011846755928589225 0.00945106203508194 0.013639166889497872
101 1010 0.035884199359173426 0 0 0.0138104556804436 0.019860900532679922 0.02436589983358428 0.024264553354841772 0.019807299347966482 0.011986091699338421 0.009660001292587648 0.013411887405497012
102 1020 0.037011554458874274 0 0 0.014050226990438744 0.02031823936449553 0.024915482439694905 0.02527672532341745 0.02036989512800757 0.012770358195792407 0.010114185321853458 0.013324433382616773
103 1030 0.03610844446267584 0 0 0.013275946278713863 0.019017785957843394 0.02343605653452901 0.02411778058772571 0.019669201881793507 0.012651585980027155 0.009530809455050235 0.012929370835691501
104 1040 0.031774723100457154 0 0 0.01153186035855397 0.016683030454716377 0.02047608744421267 0.02114982379345043 0.01682562219098337 0.010718500763818372 0.008408020133483686 0.011617201944235038
105 1050 0.03126566274938288 0 0 0.011351028294851358 0.01643748201226592 0.02012715802207557 0.020889805317161062 0.016388372968680037 0.011190575087033106 0.007661129482520578 0.011237378804644737
106 1060 0.03222997907214212 0 0 0.010853904363334888 0.01580031915808984 0.019838193467459582 0.021581424465295148 0.017280425956933573 0.011588672225903804 0.007983311904038162 0.011623908989094349
107 1070 0.03398200116707209 0 0 0.011146785736183348 0.015825062059759306 0.019258932288251474 0.02157701081348565 0.018315018627177413 0.01203968441555359 0.008121994838026506 0.012305162414029805
108 1080 0.033745786522341205 0 0 0.010981821311710055 0.01517720813965896 0.019100882672343247 0.021948258785619797 0.01835369563832512 0.011915295334484568 0.0076954072617204375 0.012014591133465516
109 1090 0.032658266747564335 0 0 0.010487114284095283 0.014350842112818146 0.017634500089964197 0.0204497691331665 0.01739422940364455 0.011558779313555045 0.007414745042883681 0.011078005905335945
110 1100 0.02959140814639478 0 0 0.009233782341983294 0.012686074505111191 0.01583880042344522 0.017963511773330148 0.015596005273517292 0.010015840106982726 0.006527761688412055 0.009967060504742787
111 1110 0.02800205199971575 0 0 0.008829133615644308 0.012083097424524002 0.015294741978813113 0.017675757700641156 0.014816388566315704 0.00957811189561634 0.006015724899364639 0.00916814689827572
112 1120 0.028020482547977753 0 0 0.00890154616703206 0.011887519391148684 0.015258733137894534 0.01811883644048212 0.015018643555169355 0.009268057905865884 0.0060309346190686106 0.009309445962625675
113 1130 0.02813654808274182 0 0 0.008834262065728642 0.012038114652864425 0.01539844345510796 0.01821201993200467 0.015207713469425815 0.009358223278088705 0.006074430009123907 0.009366048308411628
114 1140 0.02908167304111096 0 0 0.008926683986363362 0.01232187687603369 0.015881641286733864 0.019007575649031366 0.016110282744487274 0.010071410727500937 0.006437425995049063 0.00954142599743861
115 1150 0.02823426789126786 0 0 0.008108096718048617 0.01162593562625015 0.015056638678498503 0.01815244191149444 0.015764081292638264 0.009944395739327146 0.0061969635929093716 0.009125911080569095
116 1160 0.027306103773635848 0 0 0.007796056130107124 0.011152158134480377 0.01414569113706771 0.017203399456235665 0.015367312899674166 0.009757418671587215 0.00587250342083059 0.0087512835602302
117 1170 0.02853503489914476 0 0 0.008296665021474803 0.011629442431700197 0.014696236516678651 0.017644932201895572 0.015809585747138078 0.010771123205091448 0.006173429670728993 0.00912939949629589
118 1180 0.0275445839547338 0 0 0.00789402362214055 0.011262530925797435 0.014042434761779143 0.016663956866355124 0.015664848348289524 0.0105334431974082 0.005995551862518778 0.008717066922267898
119 1190 0.02915839142974936 0 0 0.008147006325569854 0.01168578335836658 0.015584135326865676 0.018744040009046056 0.01735953612600784 0.010398190050237288 0.006281796181987656 0.008962384978548203
120 1200 0.03087594360227153 0 0 0.008298140431646445 0.012162180636028816 0.016839286109477526 0.02034159974226827 0.019645668731670275 0.011107727974219076 0.006473100227025211 0.00920027214371618
121 1210 0.03154739530378736 0 0 0.008313691363846338 0.012471742842845588 0.016824228672348358 0.021290832744348058 0.020911182679965543 0.01161576360142933 0.006501099263223018 0.009393577065590698
122 1220 0.033509654825227185 0 0 0.009367128938531671 0.013699114523910807 0.018205929561805907 0.02376509029729219 0.023945164692923508 0.012937663946119076 0.006880831376313421 0.009776243364752036
123 1230 0.033126039641847654 0 0 0.009597677336440048 0.013694246807938185 0.017708733832240028 0.02313014385253467 0.02329181621164309 0.013036307539656724 0.006859481116666167 0.009535134949136171
124 1240 0.029090035924767572 0 0 0.008259444032798921 0.011861630596556936 0.01558836426762482 0.02017260822480273 0.02049433897495623 0.011561926933209647 0.0059243750570444715 0.008122981888369036
125 1250 0.02719513238462708 0 0 0.007478010325740618 0.010898615360430105 0.014344556939391986 0.018333765988504173 0.018681121489619246 0.010387681898911504 0.005795955929244748 0.007467477499906612
126 1260 0.030588813504093697 0 0 0.008301399497440725 0.012134202161406997 0.016646231508665475 0.021555082297400052 0.022249547056769584 0.01353055325308429 0.006442454762640642 0.008338155545386998
127 1270 0.037255879409203566 0 0 0.010071367731961885 0.014872171362721993 0.02078191117181418 0.02676727457727952 0.027658932358140785 0.017678687930809085 0.007872334235585051 0.010073076926353466
128 1280 0.048624407235099545 0 0 0.013186964327500446 0.019317142336344052 0.02693616383037787 0.035187325387183485 0.03609879543288544 0.02381580712154959 0.010449506719363592 0.013821577528670564
129 1290 0.05933988459770513 0 0 0.015830830345726746 0.02284831025753058 0.0317169348685719 0.04050538842998111 0.04220660512244813 0.02784275949826173 0.012818856395574375 0.01682735687413169
130 1300 0.06526291297780448 0 0 0.016328226921962168 0.024072931197793558 0.0338124502709317 0.042848140797076134 0.04519698900688565 0.029070424439203355 0.014257954186838461 0.01836177661196819
131 1310 0.07099254486160593 0 0 0.017370579686067075 0.02492447501029067 0.034878398603770844 0.04417797428856655 0.04704914520234435 0.03199076858572149 0.01562740136948109 0.02027659496565386
132 1320 0.07565257204294089 0 0 0.017970264267473227 0.02586257266385994 0.03734125756649288 0.04784405351728153 0.05095275687749275 0.035262844126154734 0.01693911724917921 0.021140696821842615
133 1330 0.07082444730649508 0 0 0.01690007312867516 0.023986005460441034 0.034403599389970445 0.04474899690114623 0.047774395302244435 0.03326087859532163 0.016407776823129643 0.018117204405808912
134 1340 0.0628980769007896 0 0 0.014182497484944497 0.020132923231684127 0.028295495190545784 0.03691182955902013 0.039828789312580486 0.02859336921814688 0.01466244135942497 0.01564969980704153
135 1350 0.05753068482707853 0 0 0.012839220777768523 0.018368698088915513 0.02582834104463154 0.03332123218725334 0.03581721237447198 0.026084373726809877 0.013395536917025299 0.01412000888454785
136 1360 0.04946176504259087 0 0 0.010881322269023677 0.015416060108673335 0.021389877557405623 0.027779686581994457 0.029643091971953018 0.022068820527490852 0.011019522934232327 0.012093146279814523
137 1370 0.04467274565198753 0 0 0.0096216837108955 0.013277618918278063 0.018364494154260322 0.023701893347917197 0.025405647135050762 0.01952433381515338 0.009746638571905882 0.010750269917569895
138 1380 0.04452016373706909 0 0 0.009496695484572696 0.012992026659700276 0.01761929820944154 0.022681783286333856 0.025102189520195266 0.019291045197538124 0.010240117300877857 0.010646339687334654
139 1390 0.044805451925050394 0 0 0.009505378116995495 0.012615201347963973 0.017031293232742353 0.02187695597727604 0.02421321528435858 0.018948799934136125 0.010724350482065756 0.010694474075729984
140 1400 0.04533047109963444 0 0 0.009385236690345043 0.013038468900725837 0.01756274685247566 0.022104767778201355 0.0245862777813586 0.018978803388037778 0.010930818599998414 0.010892872576002209
141 1410 0.04820653804801501 0 0 0.010115871778162795 0.013745210271977634 0.01887242643037253 0.02364602365019454 0.025979863223458598 0.02051823310841341 0.012815520536748008 0.011035430202449438
142 1420 0.04920093847239263 0 0 0.010104099329424176 0.013405997515513138 0.018469834406576336 0.02340739257971253 0.026131140390893492 0.020418703535561716 0.013394871325534909 0.01086523486716045
143 1430 0.04954371031269856 0 0 0.01009523418979807 0.013426182041249856 0.01855975385930183 0.023123261096982515 0.0254820008214054 0.020581488346294568 0.013786822021977178 0.01121453351018511
144 1440 0.05161934905100487 0 0 0.010236015901713575 0.013579270995380113 0.0186356750077714 0.023474776723900612 0.026586523980154677 0.02181420016305672 0.014146627040140212 0.011586262665775195
145 1450 0.056350972798874695 0 0 0.011078592099506948 0.014329161604243839 0.019838630916318073 0.02460613651267908 0.028047927536817 0.023338615985869844 0.015870071844603758 0.012787159604616571
146 1460 0.055258131266925914 0 0 0.010553056184936328 0.013134708829533435 0.018946431818996193 0.023611457213646908 0.0268508008873246 0.02261584673599358 0.015887332533590967 0.012337628323435915
147 1470 0.05617350207245789 0 0 0.010350102063224006 0.013330260821175215 0.01936444436278937 0.024156354543501946 0.02732870004051491 0.023345414855097293 0.016276311447239435 0.01237667347843274
148 1480 0.05766032257262545 0 0 0.01034521252233755 0.013034886417501442 0.019358573779426343 0.02442098667010647 0.0278072874132724 0.024690997928687803 0.017462404839654794 0.012625219226651404
149 1490 0.06082130125669652 0 0 0.011335604966014663 0.01418399314918376 0.021334536513166302 0.02654592129478569 0.030593859683315825 0.02698520000010324 0.01877957075323014 0.013289687726358301
150 1500 0.06499113665666331 0 0 0.01188944929503711 0.014800895649381926 0.022352315729509024 0.02799262217361502 0.032470371011787784 0.02939536709941801 0.020417540526821595 0.01399291573395411
151 1510 0.06372623637784489 0 0 0.011525044230366871 0.014293390065070147 0.02144821322827186 0.026460151870380855 0.030655186718232214 0.028029306943796125 0.020691797144340423 0.013679278008414703
152 1520 0.06252161857205205 0 0 0.01114878370561059 0.013437229065255837 0.020273412661012968 0.024915368732677474 0.02864991587200135 0.026690291659084618 0.020546647378569337 0.013527717351948873
153 1530 0.07129176373177377 0 0 0.012644055778021327 0.01497905115544414 0.022984898247052916 0.028893293017636747 0.03444350168677316 0.0332665654999338 0.025007828704209593 0.016569885397132063
154 1540 0.07515399836414037 0 0 0.012943183519869051 0.015046000178361857 0.023412871383060894 0.02928254537318598 0.03678103337384892 0.035681157204454944 0.02644986755355636 0.01756873246178291
155 1550 0.07093249462290617 0 0 0.01213612443118578 0.014109968974384714 0.022038732770962056 0.027370925407108674 0.034609755932718665 0.0337791387279722 0.024814752431518074 0.015676508995501437
156 1560 0.06801790023608488 0 0 0.011857702117950723 0.013689353370425579 0.021041586606670295 0.025899061927444615 0.032352047950675346 0.03150899536937528 0.023982204419672325 0.014614240468645495
157 1570 0.0698994883261234 0 0 0.011635571157215344 0.013481911439165403 0.02049024438114267 0.024699819176867165 0.031072826641622014 0.031122465140846524 0.024340643759678034 0.014600991521079793
158 1580 0.06323307803538472 0 0 0.010076948899064643 0.011801210553378086 0.017987084141695777 0.02109659713400005 0.026842846130935228 0.02748399621341644 0.021943304993581946 0.013400265211811407
159 1590 0.06170871021229607 0 0 0.009267081936650238 0.010738973023173157 0.016930328587484424 0.020036048382935254 0.02634601852526241 0.027805015099878514 0.02200682478270979 0.013092346256298211
160 1600 0.05772451741330292 0 0 0.008720197027554935 0.010125234893831948 0.015427099106978086 0.018813484038828418 0.02508750056195215 0.026498515622570617 0.020897701748727425 0.012088242779164244
161 1610 0.0551711007480107 0 0 0.008314686320364383 0.009895123266245899 0.014619176377261914 0.017736049536263565 0.023624413458589344 0.024656636157407593 0.019674637668146013 0.011413242946601718
162 1620 0.05169002071593499 0 0 0.007586593656464428 0.008919653575632356 0.013295550500013492 0.016515325477331304 0.0221546829567841 0.022536231832420706 0.017636121222842305 0.010208613572698417
163 1630 0.04639559162435057 0 0 0.006700978853110149 0.007732342093756184 0.011890429745682557 0.014938288894707514 0.020010006011745435 0.02063193547658366 0.016054104453881377 0.00932998150033789
164 1640 0.04702918485039638 0 0 0.0067217735950458 0.007478441517387558 0.011579021042123303 0.015380197384079043 0.020638175519680897 0.021311484395716486 0.01657479210066879 0.00949735068797459
165 1650 0.047684487853887084 0 0 0.006667860375561579 0.007584519609774006 0.011751909273319181 0.015836594233712125 0.020848403914709355 0.02235154294556002 0.017212356630276933 0.009659701004078484
166 1660 0.05138599009114388 0 0 0.007080342179372604 0.008248100713775132 0.012557477950856176 0.017788044209569254 0.02392569302699089 0.026977457226970338 0.02006486362042773 0.010834936761275246
167 1670 0.05237592694812275 0 0 0.006811521605198429 0.008410205139271026 0.012584457907054479 0.01817571949694841 0.024498627727332464 0.02832721959525782 0.02106073794830271 0.011244072113005371
168 1680 0.05093833390613979 0 0 0.006664847697939344 0.008290352528929361 0.012195511225865091 0.01731387274895291 0.022648898027684137 0.027178923407988744 0.020532810567563065 0.010979709538774415
169 1690 0.05233551973953109 0 0 0.006632601616874724 0.008418511858536978 0.012316640225981824 0.017549722986392364 0.0231919206763405 0.02826266758740756 0.022212500216328975 0.011426993900644644
170 1700 0.057815819580424054 0 0 0.007171723109663352 0.009111756307723764 0.013689731619707914 0.019573922829910353 0.026145535870810088 0.03218108779483997 0.027097469311334766 0.012351528512244764
171 1710 0.0650296377364707 0 0 0.008276151742653183 0.009817532584494786 0.015152942413674958 0.02206590924097368 0.0298496705198577 0.03728778123030486 0.03275586632051725 0.014896518314170102
172 1720 0.07497372384142428 0 0 0.009190456708758718 0.011275609750767268 0.017382254312595227 0.026023776842222512 0.03709891687585002 0.046702519709658406 0.04131635273610792 0.020024546926979418
173 1730 0.07410021640025705 0 0 0.009115560621218984 0.011210536962574416 0.016378571813325814 0.02396737142042815 0.03449427589434363 0.04293173907947064 0.03875162079956632 0.019466591446957716
174 1740 0.07275985365256384 0 0 0.008637669824995775 0.010473199242746931 0.015272928671337104 0.0228479803412129 0.033423439353234 0.04187196637421604 0.03816826695080244 0.01929760864514101
175 1750 0.06821407286642345 0 0 0.00792234737511394 0.009649553642489251 0.014089955298148188 0.020753780143653165 0.030214168732667322 0.03762070943668774 0.035203658313532504 0.017817772909648467
176 1760 0.06017434571122364 0 0 0.006955584558202957 0.008362401203139386 0.012462032057863552 0.018168642600445737 0.026205085696489952 0.03233223531330992 0.030134123665486713 0.014963298875427867
177 1770 0.06063935154586324 0 0 0.006571528262330963 0.008286374778815723 0.012282973675627869 0.017870414427312624 0.025636820490970186 0.03181116554406219 0.030583047172661724 0.01515974955322723
178 1780 0.056252748353256 0 0 0.005905449281115365 0.007658125701314517 0.011169405450739089 0.01599829392251438 0.023170921977786398 0.029303452523621664 0.02853773888809563 0.014010925649337239
179 1790 0.055397193690745264 0 0 0.005676576783657131 0.007395840622232876 0.010402058501415271 0.0147785117666606 0.021683840847685737 0.028226876836320042 0.027167821516992118 0.014512565617726668
180 1800 0.058271273986630526 0 0 0.005900511228033071 0.007721552918648442 0.010879926275046524 0.015538896984396902 0.022639055069622892 0.03077006367209479 0.030117685119407264 0.0158788008655731
181 1810 0.060538558783927374 0 0 0.0056975937975441765 0.0075240162255877045 0.01062114622736678 0.015510496272799823 0.023702305953497683 0.032893708911786945 0.03222798276075336 0.01732660829035646
182 1820 0.05831717630634917 0 0 0.005518657177719564 0.007417188429609832 0.010410434138826393 0.015067452020705304 0.022744720078770174 0.031309142786000874 0.03074169845434132 0.016809615740990828
183 1830 0.059563468311147186 0 0 0.005606672938485724 0.007414784248183344 0.010608523170694729 0.015437558617058712 0.023337171636088852 0.03182198042161112 0.032015222648716216 0.01823877391802782
184 1840 0.05736685846739414 0 0 0.00534699086848262 0.007251157037993715 0.010444755755051816 0.015571898447460677 0.023235065872613512 0.030788926572475336 0.03099983895353969 0.017873349175628998
185 1850 0.058325121205869884 0 0 0.00557495593870999 0.0073965743401298405 0.010741242709632741 0.015338925450804617 0.022740285708928845 0.030618346215173578 0.03155552646201521 0.018813166175439867
186 1860 0.0632642363321613 0 0 0.006239770600544686 0.007925775692041353 0.011593693417303284 0.01658709471069704 0.02438689867696866 0.033311906582157706 0.035587374683347106 0.0215707138640141
187 1870 0.0727353656101484 0 0 0.0070563856776747905 0.009511778089701866 0.013157434685253634 0.018805089628941347 0.02776570253470629 0.03870840351929935 0.04248730737517138 0.026661456397544074
188 1880 0.06898003781495049 0 0 0.006423299737986478 0.008934164293211875 0.012129353343339335 0.017006446128094557 0.02533974513770381 0.035984507843864644 0.03951366740618222 0.025475715592189117
189 1890 0.06659334501999158 0 0 0.00617659325305396 0.00851829391196851 0.011247800733672575 0.016121126526630423 0.023997872646696655 0.03428326114952056 0.0378978047402084 0.02475150359248393
190 1900 0.061202658002455654 0 0 0.005913720035578866 0.007976097611898518 0.010266989477577808 0.014452210232311137 0.021720493853234164 0.030904633639185244 0.03336871341912535 0.022426815251494366
191 1910 0.051664935357319905 0 0 0.004994343002315864 0.006813890274868667 0.008420674694282614 0.011472661930542956 0.017160307348715455 0.02434257225908253 0.026273371979958958 0.01854602746022131
192 1920 0.05069560801899038 0 0 0.004988455393103632 0.006549072224057116 0.008202419560448877 0.010964387203693082 0.01613618972887572 0.022670701816868987 0.02540146281714554 0.018256324914278158
193 1930 0.052580824310442136 0 0 0.005492931583158215 0.006900957513947583 0.008301332507050518 0.010946696659143563 0.01612655576802355 0.022566598439878894 0.02584072165446097 0.01899470233617796
194 1940 0.053396350862729154 0 0 0.005629195764788047 0.007038035741274405 0.00855198910765151 0.010824911531094154 0.01587210608016543 0.02269063483226795 0.02671705949608042 0.020438851175335972
195 1950 0.0567371131199799 0 0 0.005884009045819667 0.0073303895288221 0.008791302949327229 0.011338303281708047 0.016726812514146757 0.024041824916811453 0.028691152408862945 0.022465114530332068
196 1960 0.056779186355178375 0 0 0.005784795322460811 0.007187143462333691 0.00844031253027423 0.010817891329292739 0.015980710884095962 0.023578175889843764 0.02824215917326294 0.02263886086945059
197 1970 0.06316527453949938 0 0 0.006408372310263903 0.007950628801799224 0.008810064186599064 0.011591298687319253 0.017266152666597673 0.026144473907469355 0.03211688687181626 0.027716897158768825
198 1980 0.06529200923821309 0 0 0.006466484940290658 0.008031646939948237 0.008922433403896571 0.011688022864286563 0.01761555363796658 0.02666342150753448 0.03325768461055139 0.02931718693661618
199 1990 0.07293574904875368 0 0 0.007278972679633126 0.008952734925946029 0.009935395139790991 0.012919301281914299 0.01961961656018158 0.030426251896678514 0.03812759281376375 0.03404215447246266
200 2000 0.07787760419833768 0 0 0.007684488980307285 0.009526837784443909 0.010474479988952663 0.013604850598731254 0.02083535348113373 0.03282653699482529 0.04109049955237105 0.037808354816339734
201 2010 0.08110325017662698 0 0 0.007807520373507563 0.009658769320483556 0.010643714305417705 0.014308800295613046 0.02164154244894049 0.03436655515619522 0.04322678301313245 0.04108569799748733
202 2020 0.08808348008144778 0 0 0.008587368138965308 0.010396913383893073 0.011409876522189394 0.01564064793138628 0.023560039445864413 0.037853948560151916 0.04905657228986096 0.04790990437633708
203 2030 0.08213724279009392 0 0 0.007863983868684928 0.00944644703667049 0.010477384108484538 0.01433773008740594 0.021327421443945886 0.0347363244712823 0.04588890440792365 0.045209045737491266
204 2040 0.0806604010902977 0 0 0.007598632442917693 0.00915737227674718 0.00990885634504816 0.013750459955253253 0.020856752909140703 0.03440932156264272 0.046647917680816775 0.04603338448682316
205 2050 0.07816077954902133 0 0 0.0072571935952216796 0.008939911831535426 0.00955307226099101 0.012977671034595985 0.019965302950263098 0.0332054610935287 0.044906702980396805 0.0446422772713205
206 2060 0.07169142281628536 0 0 0.0065001287867238145 0.007844012638432173 0.008298872724880571 0.011526661200676266 0.018188339986884343 0.030299023255379788 0.04090095036773359 0.040820397999732985
207 2070 0.0712802719411941 0 0 0.006400391317194481 0.007794979834405622 0.008625882419817422 0.01151499787636883 0.018129192525612937 0.029494977487743462 0.039700006778255685 0.04004617434010073
208 2080 0.06615432205410757 0 0 0.005958670519635364 0.007297208564591691 0.007750575328620243 0.01009260747068763 0.01648116889103024 0.026643793465509928 0.036071140360321774 0.03670537954723468
209 2090 0.06046317481839019 0 0 0.005338424571526433 0.006332955558880692 0.006590573274985577 0.00875354949617455 0.014404705846989567 0.02269821760609094 0.030825147846560888 0.031807701769213
210 2100 0.05854758158741624 0 0 0.005072583660582946 0.00608767380846185 0.0060251275938871755 0.008564062439692629 0.013570528516565847 0.021503608205154283 0.029464705557497087 0.030464137631431826
211 2110 0.05203753805164689 0 0 0.004407444996500352 0.005195038109837781 0.00511207102283348 0.007148254909538195 0.011318095218612408 0.017914087312429765 0.024422354497399282 0.025552378538663385
212 2120 0.051450658106363276 0 0 0.004490746341715779 0.005158712570902519 0.00496747416922035 0.006993273962168143 0.010696062964721613 0.017067172316629135 0.023787536537618482 0.025385360259503206
213 2130 0.04783480192748754 0 0 0.00407754306495309 0.00469187410356395 0.004498545592972338 0.006129341052954151 0.00956768820533017 0.015381330685367756 0.020866120550268527 0.022253961907642315
214 2140 0.04519865781290311 0 0 0.003861419823129384 0.004423621352175805 0.0042467293711140166 0.005809516511838965 0.009094733363046479 0.014464871074224086 0.019711872412864356 0.02098157747730188
215 2150 0.04497858963818997 0 0 0.003769410124672201 0.004383491318940988 0.0041852313431146706 0.005714600111341103 0.008986353467874807 0.014405213837928463 0.020084359038579015 0.021740575277519752
216 2160 0.04534807060997876 0 0 0.0038170583496632774 0.004450342656426734 0.004165437697730555 0.005687162561579742 0.009105435818538716 0.01476612072603724 0.020739871149787075 0.02272887821236345
217 2170 0.048849348487791086 0 0 0.004230648833136515 0.004763774860615571 0.004501638486570797 0.005984539102085017 0.00945390136617374 0.015817016273713975 0.02274408341897188 0.025277565695666117
218 2180 0.0447645550150095 0 0 0.0037846789895691476 0.004339895628657616 0.003977705935335897 0.005302511500912335 0.00852582175232235 0.014232030507842866 0.02064729822240614 0.023250696181929653
219 2190 0.04307797766168634 0 0 0.003722330508627139 0.0042092379345119255 0.003872535367393104 0.0050847969021239 0.008150474557620994 0.01307059799236054 0.018944734044870768 0.021845827049565638
220 2200 0.044896031892081696 0 0 0.003838878896521179 0.004282346756087427 0.003998457077393732 0.004951112369838038 0.008542455401110635 0.013560205905817949 0.019856191674459223 0.022814443310556355
221 2210 0.041538755083906004 0 0 0.0034877721427161858 0.003793166895984058 0.0036204030565163033 0.004461481612171373 0.007801256211263014 0.012002913631665588 0.017478327610201683 0.02029441648940165
222 2220 0.040903510705820975 0 0 0.003236831427710712 0.003566911947172736 0.0035962069696644523 0.004315159397603175 0.0073887758601081915 0.011537472991692596 0.01713295332725952 0.020476483098088794
223 2230 0.038960594623783464 0 0 0.0030668881873373625 0.003346027799046431 0.0034270006821405935 0.004068239476838531 0.006910658186505863 0.010936623890989856 0.016233787156815914 0.01950387777497301
224 2240 0.03477969442453533 0 0 0.002748250130379107 0.0030321828215301833 0.003077972090534585 0.0035989619509813682 0.006004804999858999 0.009520355314527558 0.014152543888686564 0.01731892145418891
225 2250 0.038862610813063594 0 0 0.0030356424846738317 0.003391254023317201 0.003311041235462983 0.00395560647955845 0.006697443296711247 0.010802890907608727 0.01646783062127589 0.021104121481109104
226 2260 0.04654840824928469 0 0 0.0035178836473096844 0.0040715511125666674 0.003897595168166696 0.004646045118196651 0.007876013311752542 0.013444274910878748 0.020616912460431288 0.026793259174296483
227 2270 0.055529122353280086 0 0 0.004138048399628044 0.004700206334235511 0.004582606456802596 0.005542309427108251 0.009660307380627772 0.015966579949845097 0.02472250278503409 0.03247202026465971
228 2280 0.06326459380545191 0 0 0.004584910876833257 0.005145053735103068 0.005212153123383325 0.006207885277597262 0.010504961655997075 0.01725816328061546 0.027612166459423177 0.036761969455967804
229 2290 0.06896516844888559 0 0 0.00500156697025537 0.005714623687028841 0.005848921065011954 0.007055551182865666 0.011910423355293796 0.019294005371193315 0.031020987071605916 0.0414540090960619
230 2300 0.07153580168271036 0 0 0.005226968566690665 0.005769876691405917 0.005933732250105678 0.007509636603211052 0.012471724402256202 0.020604634155112125 0.03309672909040857 0.04485575286287973
231 2310 0.0617548683521771 0 0 0.004186797255196555 0.0048482333034014875 0.004808665794337879 0.006442583052350723 0.010636064906435285 0.01795630078609989 0.028949548289278388 0.039237575902478346
232 2320 0.05968887319634296 0 0 0.004056540121035654 0.00479042397264875 0.004765727770017796 0.0062117087878504765 0.010161709206036417 0.01711215183174089 0.02779022866959312 0.037915494597468
233 2330 0.057558606693680486 0 0 0.0039492547379739815 0.004656629125627326 0.004591083567416641 0.005859096573727017 0.009638537859279837 0.016113637403464002 0.025722886628300374 0.03540855794690618
234 2340 0.056243405474621644 0 0 0.0038372461131528177 0.004482624944065212 0.004363721501946448 0.005798056116825173 0.00954908487464515 0.0162323860238251 0.02606712248431963 0.03604485394230557
235 2350 0.05191913269855436 0 0 0.0035404216316924832 0.00402850882823747 0.0039156471925416445 0.00536023523414131 0.008676170054231434 0.014775297739450076 0.023820035016756336 0.03319329217504478
236 2360 0.049226645366312716 0 0 0.003317567435459971 0.0037370192571292813 0.003705193543933778 0.0048508035249059485 0.007724982416515661 0.013288077863650886 0.021827712760495915 0.03066571332665606
237 2370 0.046252583724231175 0 0 0.0030057498145063246 0.0032897346063469933 0.0033672382341626943 0.004541685205635661 0.0071517424708458345 0.012251999005559691 0.020254474570905814 0.02854740236320242
238 2380 0.04218845733366695 0 0 0.0026039400822166687 0.0029012107175632428 0.002993422703016319 0.004095469075437251 0.0066544871759632316 0.01139247528129743 0.019130270803357306 0.02690098577632973
239 2390 0.04083597084216422 0 0 0.002532648533443246 0.0027909682052340286 0.0027424932445867 0.0038592707923777465 0.006304145144746187 0.010969598401656674 0.018517192191958888 0.02618199242656544
240 2400 0.03587264168741317 0 0 0.0021806689275112347 0.002441016975144333 0.0024369194850663287 0.0033637514548800025 0.005322085140319979 0.009217887688004658 0.01554900423130276 0.022130164939504336
241 2410 0.03322724848554501 0 0 0.0019933285586947883 0.0022130620633788608 0.0022143208002522404 0.003022874111915519 0.004730150040453514 0.008151583366142856 0.01395385817077428 0.020190164309119015
242 2420 0.032089042304308875 0 0 0.0018756721489579208 0.0019639172364230135 0.002069959299969238 0.002860719844542862 0.004562278241844342 0.007776784098117329 0.013340949965929659 0.01937139453776141
243 2430 0.03368347001199471 0 0 0.001965417427502114 0.002033502364690668 0.0021322479150693366 0.003109350776265575 0.004935735780418891 0.008427719846283772 0.01476242049522437 0.021854430219028987
244 2440 0.037790315114655554 0 0 0.002150458887831008 0.0022910040543168532 0.002385262978626821 0.0035572966490777943 0.005854298162895371 0.010028236727840222 0.018072653570413672 0.026940816059233284
245 2450 0.03782467751659074 0 0 0.0021409629463858743 0.002282845508082393 0.0023379544616291374 0.003592680549223139 0.005731166336732001 0.010023015478962716 0.01813791830496241 0.027170240698436512
246 2460 0.036336503232128975 0 0 0.002020558421369875 0.0021746737576161207 0.0022108009130279117 0.0034484911697813068 0.005531370255142883 0.009563991471455867 0.017483133712873133 0.026259970686504482
247 2470 0.035598493108213884 0 0 0.0019535975164086308 0.0021345604132025535 0.0021898186305259358 0.003329758079084352 0.005345507863835159 0.009435216522673717 0.01721264752306111 0.026053660848635325
248 2480 0.03449021052262154 0 0 0.001822341413923795 0.002019283733529111 0.0020306485313585144 0.0032045046951657188 0.005101533497216414 0.009107844847619695 0.016630131080228275 0.025494390907527066
249 2490 0.03665612019183822 0 0 0.001987506806586578 0.002227682945954878 0.002156084493009578 0.0033850607752788863 0.005238451960423926 0.009702426886081911 0.017910817727714003 0.028123787574889474
250 2500 0.03468152801477358 0 0 0.0018634745825660058 0.002064699432381586 0.0020224965899361697 0.0030956316593462006 0.004673773550333557 0.008527695146736666 0.01586733998218952 0.025109607899321842
251 2510 0.03263004106155885 0 0 0.0017533118395038855 0.0019139805158604958 0.0018938742930018349 0.0029102033586970526 0.004296371554384912 0.007846424259231995 0.01458523664435499 0.023420518469794906
252 2520 0.02962278103114968 0 0 0.001583445455634444 0.0017537631814921184 0.0017114095570455938 0.0025740395444624822 0.0037356503882923853 0.006720375966195816 0.012647282801988572 0.02050948455392156
253 2530 0.02792913397296053 0 0 0.0015284624300556575 0.001650309256323383 0.0016162456912161489 0.002452854948833071 0.003417021800172403 0.005955583360356104 0.011293370016289645 0.018414990388589233
254 2540 0.024345476948805397 0 0 0.0013233817023155729 0.001373306286048667 0.0013359539172305205 0.002127070362807799 0.002958522437931632 0.005085436235137086 0.009719822995573639 0.015948449007018785
255 2550 0.02385408973309427 0 0 0.0012945735400812597 0.001372708226988589 0.0013032712973108298 0.0021551033413580757 0.002897042654537119 0.00498012813308344 0.00962691719908669 0.015779843189578584
256 2560 0.022964394743867887 0 0 0.0012490740737971762 0.0013329137742566929 0.0012539303698665884 0.002046742092389981 0.0027456839971408058 0.004804654887158547 0.009346941640277075 0.015338310217906548
257 2570 0.022248950744026302 0 0 0.001180827244880624 0.0012585437376819713 0.001235396402083345 0.0020357796798874186 0.0027200954610113533 0.0048199280801820895 0.009289928835419169 0.015326070267303987
258 2580 0.023921337441478556 0 0 0.001235582446622344 0.0013305632434977431 0.001302139012963943 0.0021980710790070407 0.0029684017219681735 0.0053779942883070125 0.010299393684553439 0.017146350664985408
259 2590 0.024842058404062256 0 0 0.0012545486911093946 0.001335789986804803 0.0013197970479634493 0.0022428875067831327 0.0031655015556515263 0.005756766364375301 0.010947992873381227 0.01836018445624797
260 2600 0.0278902880077792 0 0 0.0014171885803798637 0.0014892691106925106 0.001507862542618114 0.00252439757150681 0.0037550068663287895 0.006721870644901537 0.012837790305766122 0.02165384357321669
261 2610 0.029789107281567535 0 0 0.001573465722729149 0.001621687955321932 0.0016720359509049747 0.002610269081025313 0.004048788363496604 0.007190735613784114 0.013728146330492522 0.023428148815000997
262 2620 0.032256724212679784 0 0 0.0017356223316177682 0.0017751249186426432 0.0018898363467670526 0.0028802502612465045 0.00457021210756614 0.008180152638740678 0.0157477209897486 0.027154269941079924
263 2630 0.03253274306954555 0 0 0.0018288605892517011 0.0018034826205970478 0.001863697665369577 0.002856339419024356 0.004725705105203458 0.008445793502473277 0.01630465653146196 0.028218986489917105
264 2640 0.029943035499126986 0 0 0.0016669326139296175 0.0016632472764359218 0.0016968599327917284 0.0025542389429320887 0.004239435906075042 0.00748651127672064 0.014425952543892688 0.02515966632660322
265 2650 0.02812269632826468 0 0 0.0015477661006891102 0.0015882108473356067 0.001604925612880658 0.0023393607507922964 0.003944832992975013 0.006816272871885056 0.013159925341319968 0.022908858368994974
266 2660 0.02460756064194069 0 0 0.0013449546590929462 0.001394536133908325 0.0014112112050459857 0.00203126321463553 0.0034741134057098702 0.005994686988587868 0.011576225153534818 0.020191402970203692
267 2670 0.023261311676850267 0 0 0.0012797937135855684 0.001337301545436336 0.0013762785395486695 0.0019434146164099284 0.003356448002694125 0.005773958206770851 0.011161443257796333 0.01953398545667518
268 2680 0.02276369928046273 0 0 0.0012047973261214197 0.0012945458512080223 0.0013248818331541823 0.0018656574690940648 0.003243823199765707 0.00560942290704429 0.010907268732387676 0.019297935041983554
269 2690 0.02196685119890387 0 0 0.0011159105178514526 0.001232245754646322 0.00122713510620217 0.0017184192465424825 0.003055588060001846 0.0053771923055315795 0.010370592088299425 0.018380006154434882
270 2700 0.020844541833362557 0 0 0.001061786602794544 0.0011528288944993488 0.0011522155202293586 0.0015897527393830138 0.002787509976132906 0.004948160519315079 0.009526397623538118 0.016871112441780772
271 2710 0.020252841700965994 0 0 0.0010355840797178237 0.0011167872898763763 0.0011088657683608575 0.001494026664919629 0.002695023931693363 0.0048106263957121516 0.009285938418372967 0.01647448365855184
272 2720 0.02044370325094526 0 0 0.0010341008172024967 0.0011162022001503845 0.0011775114150972606 0.0015103270314929579 0.0027645185268789013 0.004936062808831042 0.009491662508282574 0.016921342260750018
273 2730 0.021706573133250695 0 0 0.0010772198754164537 0.0011852540181987296 0.0012198217916627365 0.0015856856881503749 0.002937204270121982 0.005386427064317398 0.010176288721072561 0.018331486571861386
274 2740 0.021598148095327167 0 0 0.0010804938513683839 0.0011453328865735745 0.001215777855863511 0.0015722590490892046 0.002880390573350878 0.005383446019675886 0.010148495237097517 0.018299240950711636
275 2750 0.020950688558557886 0 0 0.0010215349984799222 0.0010989852553018905 0.001166920303313866 0.001548625936004503 0.0028313239688219243 0.0053587978833866835 0.01018059208359243 0.018418438716640916
276 2760 0.021216307374770843 0 0 0.001025726736108903 0.001108955712646074 0.001125893943463312 0.0015904884344424368 0.0028347458352330317 0.005412046817314288 0.010278408380868655 0.0186204656013482
277 2770 0.02114939855705533 0 0 0.0009901219007871077 0.001097172274138226 0.0010756502910121823 0.001514394409125874 0.0026604245671250936 0.004932589197454824 0.009357538780695708 0.01698269307100285
278 2780 0.021030457472219093 0 0 0.0009564388368011628 0.0010669344782637273 0.001061221066137264 0.0014645655326950566 0.002622825080098061 0.0049599532735627805 0.009387188635794403 0.017186423810905457
279 2790 0.02127076668271413 0 0 0.000939279598186109 0.0010364781959827157 0.0010574083407287563 0.0014698826328903105 0.002635026750741784 0.004879429021346235 0.00918328223480107 0.016843251377502998
280 2800 0.0201029638352451 0 0 0.0008705666257669229 0.0009632471206118881 0.0009698318752506232 0.001346702670487283 0.002481082960152054 0.004616926463581356 0.008678943448837647 0.016012501226244605
281 2810 0.019476730271660542 0 0 0.0008348224881251762 0.0009234913418503412 0.0009426136840827834 0.0012904665097156964 0.0024037562150411645 0.004504375975795872 0.0084596298193663 0.015590855799707589
282 2820 0.018744820675036272 0 0 0.0007804996956382471 0.0008811541224216209 0.0008862573247111434 0.0012315299542765596 0.0023352913745080884 0.004425212450441799 0.008300777742791135 0.01530457019323964
283 2830 0.017901798227337718 0 0 0.0007200617786313111 0.0008186275641116119 0.0008335237211309669 0.0011791619079268788 0.0022213037840722884 0.004245670821911785 0.007982312798722272 0.014719269533198348
284 2840 0.017667627352628206 0 0 0.0006762480007662446 0.0007553612208520094 0.0008018698925792187 0.001122852406141365 0.002092007522404244 0.004074069157139846 0.00762536961976271 0.01408073000390339
285 2850 0.01736630454601257 0 0 0.000659120898488847 0.0007238295392656344 0.0007741286840712927 0.0010995253972941703 0.0020189515818871714 0.003930672302678113 0.007358648158649834 0.013577826815039284
286 2860 0.01704708829505285 0 0 0.0006424669650377009 0.0006914356587868532 0.0007425678255162503 0.0010770266690272 0.001982874672357653 0.0038112794509799304 0.00715858144437911 0.01329143666090815
287 2870 0.01610824953802775 0 0 0.0006091209308673526 0.0006633381552594983 0.0006841642601216005 0.0009807783471860974 0.0018436069078422402 0.0035753703811064953 0.006722508712191441 0.01253589406030898
288 2880 0.01557897966797184 0 0 0.0005911244962856151 0.0006398860907139016 0.0006415134434653786 0.0008944773761120321 0.0017076986496444 0.0032851653140794344 0.006167215644086173 0.011482084213474433
289 2890 0.013970412452236503 0 0 0.0005336048133410514 0.0005786222074795691 0.0005636350455560309 0.0008139438703074419 0.001561734813090658 0.0029895798072093753 0.005619391965725439 0.01041953462928623
290 2900 0.0134268809994868 0 0 0.0005056642217071947 0.0005636366653919047 0.0005398641632063849 0.0007822842187574249 0.0015009073959794006 0.002886477685053949 0.005427384322009259 0.0101150558859019
291 2910 0.013912964754534176 0 0 0.0005339239910933727 0.0005733109307147684 0.0005612480742389283 0.0008103888593836417 0.0015584714303203066 0.0030024813983851113 0.005672518303798724 0.01059301526673921
292 2920 0.015213397689846609 0 0 0.0005710025044084589 0.0006156450144305124 0.0006231023121370552 0.0009410183695918533 0.0017882816052588292 0.0034723298081956785 0.006619071462181587 0.012434643232228001
293 2930 0.015617715772004851 0 0 0.0005563644770579199 0.0005958527851419631 0.0006073850190650186 0.0009374241866743594 0.001762048242130931 0.003460854713809524 0.006607878324121596 0.012432297454102462
294 2940 0.015574059134551293 0 0 0.0005194441139303806 0.0005663877401237966 0.0006264143652040466 0.0009404690477257272 0.0017407965026276428 0.0034100788176662754 0.006537552865235516 0.012377747121740192
295 2950 0.014706369904185666 0 0 0.00048797798541855183 0.0005344358969531108 0.0005957681837382942 0.0008776184356128737 0.001605888360165762 0.003209236408053476 0.0061530822534254055 0.011697743329453817
296 2960 0.015016390045170799 0 0 0.0004987562407958632 0.0005632431693060901 0.0006589239600101912 0.0009294100314314229 0.0016899135694140401 0.003374612029149833 0.0065452118188486985 0.012572886983530564
297 2970 0.015077518421096505 0 0 0.00048111779355155014 0.0005226214829726435 0.0006299972068516903 0.0008993451810927591 0.0016628371351061016 0.0033375970745138216 0.006489130427574704 0.012464219672159896
298 2980 0.014166001822698216 0 0 0.000441498147391569 0.0004864017755466775 0.0005820200766682558 0.0008459741347417632 0.0015484219342759122 0.003106670803053798 0.006085439404555133 0.011652533437422936
299 2990 0.013545401637606631 0 0 0.00042044137364862053 0.0004677453591354285 0.0005509833635055591 0.000819031373154959 0.0014855840282920116 0.003011702453414966 0.0059179795584583675 0.011378103943622025
300 3000 0.013018334895084988 0 0 0.00039691101612267514 0.0004505599162378483 0.0005307517806420256 0.0008021975503078049 0.0014113198930404715 0.0028263004623225924 0.005598202669423513 0.010779094342814143
301 3010 0.01245676930412337 0 0 0.0003802112440685029 0.00043552267944395426 0.0005075701932716428 0.0007635887747944034 0.0013397976458791783 0.002683746467424793 0.005328791406931347 0.010293860455003665
302 3020 0.01080595757419566 0 0 0.00032346430671949077 0.00037131830463395374 0.00043968743377386694 0.000663617531718765 0.0011534111864105487 0.0023245595956300786 0.004614933917763579 0.008928214330153405
303 3030 0.010116897469135126 0 0 0.0002948590543483521 0.0003491124855132198 0.00040556334852983504 0.0006065663148648677 0.0010526723719327025 0.0021161878844235425 0.004181837807089901 0.008092961511187007
304 3040 0.009403046344066895 0 0 0.00026962590351162013 0.00031439859981630944 0.00036727920643343993 0.0005439376358286617 0.0009480303663579492 0.0019025006440182995 0.0037387328252589465 0.0072698676951379005
305 3050 0.008144226028175758 0 0 0.00023291170039433027 0.0002672501593559221 0.00031145050776736516 0.00046793595940374145 0.000809728593614088 0.0016394486828635064 0.0032271924575286133 0.006282129345607021
306 3060 0.0072913891789362925 0 0 0.0002078653871075979 0.0002370960926168864 0.0002741231176871927 0.00041989990959278347 0.000740388572673719 0.0014742912239715715 0.0029059212240384463 0.00566124267205489
307 3070 0.006576805631838511 0 0 0.00018667412755760433 0.00021111353514938753 0.0002378241804944593 0.0003668429882527797 0.0006412408696227544 0.0012622249682977785 0.0024926523548363007 0.0048737768257833556
308 3080 0.006312586287712441 0 0 0.00017377654827255856 0.0001994398230386375 0.00022229595372751654 0.00036463331665373487 0.0006403888762886093 0.0012668426579181937 0.002483254615571058 0.004858482146452934
309 3090 0.005898094737203488 0 0 0.00016068251926990213 0.0001873541069132461 0.00020299617272362739 0.0003357425629312184 0.0006015268610825873 0.0011785933385873202 0.0023011291895064035 0.004518116107852675
310 3100 0.006037286829629077 0 0 0.00016453618149120985 0.0001856915888710176 0.0002065389762880964 0.0003378082606590933 0.0006106701830333013 0.0011832001634559588 0.0022924900991104337 0.004498037177653249
311 3110 0.006046324821924098 0 0 0.00016625737493801895 0.00018461256344113073 0.0002079129220667345 0.0003361705322991252 0.000610108728221888 0.001192991934833279 0.0023150846759034203 0.004577772241055586
312 3120 0.005555791853852967 0 0 0.00014007755828152835 0.0001650111258244976 0.0001889212083887446 0.00030631200345625545 0.0005551746485820012 0.001093027997022761 0.0021201018897261405 0.004200723253844518
313 3130 0.005229904366726308 0 0 0.00013295193053799523 0.0001547436981018807 0.00017797417475239697 0.00028127995509493776 0.0005218192308384343 0.0010246398312336823 0.0019967301797360515 0.00395940346950762
314 3140 0.0060385509925860135 0 0 0.00017466637879718863 0.00017925588502247798 0.00020476392984878066 0.00031940291151270845 0.0005909619951201768 0.0011551377216448113 0.0022558732038967006 0.0044770578200433965
315 3150 0.0065850881103681706 0 0 0.0001927977928693699 0.00019054008884025972 0.0002248350544131325 0.00034148137031621354 0.0006543000754098999 0.001275260987637352 0.002472291465138695 0.004889783857340346
316 3160 0.006481771992828335 0 0 0.00018053339832381022 0.00018070341221134115 0.0002207435884078377 0.0003218296500152616 0.0006243354325682099 0.0012252051951442008 0.0023819579651363732 0.004715233470574048
317 3170 0.0064083023136150925 0 0 0.00016891834314691377 0.00017832499846419587 0.00021522287910832161 0.0003174006084354829 0.000607148353237073 0.0011952275734714796 0.0023305319795750346 0.004612402936655082
318 3180 0.005719967289160855 0 0 0.00015053129140981224 0.00015659935552218132 0.00019290696139898788 0.00028305118212758047 0.0005385768802588505 0.001064524793466298 0.002075412660959602 0.00410481798232421
319 3190 0.005560726703657329 0 0 0.00014784020195813792 0.00015796191563799053 0.000192453682004573 0.0002841598343061037 0.0005242515334636808 0.001052495349495812 0.0020596497353544117 0.0040935690022238175
320 3200 0.005135752480900748 0 0 0.0001340249392328782 0.00014464443011406216 0.00017014509535147088 0.00026446269555691163 0.00048706042963438806 0.0009742679365633736 0.0019068131368523234 0.0037919786309141947
321 3210 0.004768796100261779 0 0 0.00012492105429724637 0.0001321653868065868 0.00015687062867964107 0.00024318667840919828 0.0004390004330762568 0.000866870514592627 0.00170597465450147 0.003387376523676967
322 3220 0.0042656186125462885 0 0 0.00011208254226722776 0.00011759463887479438 0.00013691173378209038 0.0002077070140459834 0.00037888362727864 0.0007479423907706378 0.001480823509314253 0.002936406614782179
323 3230 0.003890860297104639 0 0 0.0001045942540127271 0.00011178173193041938 0.00012397970120075515 0.00018495422065151893 0.0003326177694978916 0.0006617305911482286 0.0013160604904762826 0.0026138497747001882
324 3240 0.003834154596096884 0 0 0.0001028588177582957 0.00010909158382996199 0.00012090448756863356 0.00019572224765742046 0.00034330315080828187 0.0006820383741834636 0.0013491580168682085 0.0026803496719723366
325 3250 0.0034061224862625326 0 0 9.013826137772724e-05 9.491620111112669e-05 0.00010596909660038736 0.0001706619655443143 0.00029269938617980314 0.0005774747124097692 0.001153763267461942 0.002291700328089137
326 3260 0.0031192759423980983 0 0 8.073963969642407e-05 8.565783404807705e-05 9.569343493615219e-05 0.00015382651119721105 0.00026760336558628937 0.0005295892696276674 0.0010565834662362636 0.002094422492999075
327 3270 0.0028352257967801902 0 0 7.06261991677057e-05 7.77074651214944e-05 8.459375356341735e-05 0.00013768428083768208 0.0002442278125456332 0.0004806343103023533 0.0009587358334495895 0.001898725259330497
328 3280 0.0026686461338928835 0 0 6.308797836563566e-05 7.255075876570633e-05 8.012640913742119e-05 0.0001286674470100271 0.00022859408502820945 0.00044964994012951335 0.0008964809066377624 0.0017759270121737638
329 3290 0.0023988260061837247 0 0 5.5056372323319246e-05 6.298747733657856e-05 7.135526880341639e-05 0.00011249890085784361 0.00020520917625229266 0.0004029277767381367 0.0008025509254884263 0.0015882536583233197
330 3300 0.002149465732516343 0 0 4.97011274937675e-05 5.649008380499561e-05 6.120400631018186e-05 9.632355723818958e-05 0.0001758179901816201 0.00034790995603120476 0.0006943792292382768 0.0013747716287694756
331 3310 0.0019924269606011783 0 0 4.505491404461045e-05 5.08307912205017e-05 5.649735289246342e-05 8.692378315023805e-05 0.0001624836901072666 0.00032314596276117053 0.0006459465633110286 0.0012835069678947507
332 3320 0.0018738684463451842 0 0 4.068063157979841e-05 4.766822709694292e-05 5.23542532575775e-05 8.163266353635833e-05 0.00014862457585432048 0.00029591551400506226 0.0005927729273480709 0.0011789883162974988
333 3330 0.001883279757539633 0 0 4.010118119125297e-05 4.7605574353017704e-05 5.227077136433935e-05 8.308086342161128e-05 0.00014967071175796428 0.00029842838559008693 0.0005967075965736223 0.0011895968085529679
334 3340 0.0019440682974883837 0 0 4.122657066929899e-05 4.7605848097343454e-05 5.466712118420662e-05 8.523474096079035e-05 0.00015037289216779135 0.0002998410487999643 0.0005970372303142847 0.0011894139802339323
335 3350 0.0019130134619100565 0 0 3.9935092462987567e-05 4.751610086230445e-05 5.336412791206197e-05 8.194317913063656e-05 0.00014536749636638314 0.00028879546361210086 0.0005770533311203371 0.0011472056716907452
336 3360 0.0017571091965624117 0 0 3.6557193945818094e-05 4.308779588742373e-05 4.652592003550925e-05 7.540722498471291e-05 0.0001313095811005185 0.0002634546054849181 0.0005240994991391514 0.0010399826233683245
337 3370 0.0016600669590054948 0 0 3.385067670600741e-05 3.993632569057452e-05 4.243479592503304e-05 6.696110366287971e-05 0.00011997700305315564 0.00024383213819469823 0.0004871461208280046 0.0009696588833724228
338 3380 0.0015054344160197334 0 0 3.0949258054914e-05 3.607466040213718e-05 3.870251143112303e-05 6.0728607440352384e-05 0.00010843563853951984 0.00022041475324942585 0.00044146598203091046 0.0008805683642701328
339 3390 0.0014280666771068604 0 0 2.8696551972244866e-05 3.226104033495355e-05 3.6356385919085895e-05 5.6685147078620005e-05 0.00010294414282422781 0.0002089683411606971 0.0004166148998898191 0.0008322724303688504
340 3400 0.0012422351568455998 0 0 2.3361630907455574e-05 2.7657008315656103e-05 3.115930479948667e-05 4.875467367825825e-05 8.965683218599853e-05 0.00018221584419996688 0.00036318813264964986 0.0007263054936461993
341 3410 0.0012479825738986536 0 0 2.2838873155434427e-05 2.8181960769583022e-05 3.132703133546755e-05 4.8188946918772506e-05 8.93787142769617e-05 0.00017957913512073973 0.0003562648123440359 0.0007116515739425524
342 3420 0.0012828645327015323 0 0 2.3162929939925588e-05 2.8320968074295592e-05 3.281012026545592e-05 5.008473286455515e-05 9.216285031665268e-05 0.0001845325353240482 0.0003654321420725294 0.0007309391723508003
343 3430 0.001322678416620826 0 0 2.387714473629033e-05 2.827592498265695e-05 3.3501287077642653e-05 5.063882642828137e-05 9.248800570170849e-05 0.00018314287750188874 0.0003632369171124722 0.0007264450930572439
344 3440 0.0014192834424607 0 0 2.502463481047462e-05 2.989849994400463e-05 3.677738760281509e-05 5.411645304464987e-05 9.972522561678568e-05 0.000195130464396858 0.000385616692935396 0.0007704404990405096
345 3450 0.0014209826895547769 0 0 2.42746122301977e-05 3.0097580771469172e-05 3.702623604855809e-05 5.3770384256443107e-05 9.928664861770875e-05 0.0001949691950927046 0.0003846884338767469 0.0007696189947659666
346 3460 0.0013414929726920934 0 0 2.2363906720905636e-05 2.8094295150209573e-05 3.485995503389889e-05 5.0807262863002994e-05 9.202900331886483e-05 0.00018009710085651026 0.0003548782196128205 0.0007101204884045075
347 3470 0.0011771744882697775 0 0 1.9032534655479466e-05 2.324197059739044e-05 2.9438984610987094e-05 4.343798016811138e-05 8.046178373135598e-05 0.00015682461184915464 0.0003085857434784228 0.0006166252082988524
348 3480 0.0011359622171758885 0 0 1.7616718170533112e-05 2.2165019640729393e-05 2.9386749498234858e-05 4.3739212243053e-05 7.865466320648766e-05 0.00015030182040733545 0.0002961734378423398 0.0005917979417349462
349 3490 0.001077790555236352 0 0 1.593620348336185e-05 2.055901322650484e-05 2.7626233876850757e-05 4.1759902374088976e-05 7.515631942176308e-05 0.0001440234768827606 0.00028450750607284604 0.0005674929310794186
350 3500 0.0009718345133686886 0 0 1.3809980911526809e-05 1.821140579019008e-05 2.418190107455524e-05 3.6473100649932624e-05 6.451916829102361e-05 0.00012498460156929334 0.00024703072227050444 0.0004926094365070655
351 3510 0.0008463075256332248 0 0 1.1865779316315896e-05 1.536875450538749e-05 2.0741184047842017e-05 3.142585359955281e-05 5.6059002049840644e-05 0.00011038876229708997 0.00021783469046815845 0.0004341021558250061
352 3520 0.0007798856543685053 0 0 1.0766354130604337e-05 1.3537240386713875e-05 1.860184795671895e-05 2.8710642055315467e-05 5.1796426884847204e-05 0.00010204187534978037 0.0002019720096913097 0.00040228013934580175
353 3530 0.0006678688449020405 0 0 8.833402171188692e-06 1.1512183596689746e-05 1.5618138576576075e-05 2.4050040622606927e-05 4.3963786029106386e-05 8.681951732259037e-05 0.00017255797360382478 0.0003432594888719226
354 3540 0.0006365595445044994 0 0 8.456356476839434e-06 1.0935796193724923e-05 1.4929376316116906e-05 2.3015517873039817e-05 4.271435034130538e-05 8.34841746145539e-05 0.0001654125646734978 0.0003285919016893121
355 3550 0.0005996008393670198 0 0 7.671143338180257e-06 9.957740014850452e-06 1.371073199083249e-05 2.144373427683957e-05 4.057360086561819e-05 7.95885101635207e-05 0.00015821331916795648 0.0003151432360209056
356 3560 0.0005666483002630064 0 0 7.153121472693569e-06 9.360207407252014e-06 1.274698800000137e-05 1.9910992568584206e-05 3.780159137218195e-05 7.467489665455266e-05 0.00014877415491810998 0.00029659724481974424
357 3570 0.0005603075568252832 0 0 6.961486654928026e-06 9.233229880460004e-06 1.2336389157488728e-05 1.9148974020055715e-05 3.6282167410337935e-05 7.147147227155198e-05 0.00014193375595213846 0.00028363590490436565
358 3580 0.0005175325544495327 0 0 6.209886115075823e-06 8.31171880746279e-06 1.1093107294790672e-05 1.7385969018357096e-05 3.334445648936835e-05 6.561837049657502e-05 0.00013039006607564474 0.0002607520303331573
359 3590 0.0004619297509626587 0 0 5.711282696787541e-06 7.428500626996204e-06 9.681004263817294e-06 1.4999967195641212e-05 2.9745861422163172e-05 5.827817111073525e-05 0.00011592055161570464 0.00023189609237412448
360 3600 0.00040211490224500426 0 0 4.655047300743983e-06 6.275500187144634e-06 8.23050743043837e-06 1.2915031549484034e-05 2.5432805844508405e-05 5.030142113734434e-05 0.0001001658549322194 0.00020073528466998188
361 3610 0.00043024635142365175 0 0 5.386341274258783e-06 6.4621723544842166e-06 8.522318946703566e-06 1.3303592890009794e-05 2.618327574230692e-05 5.226925636615911e-05 0.00010485591121970135 0.0002102955236505735
362 3620 0.00043395282368629493 0 0 5.324301125800609e-06 6.428259079781585e-06 8.614991295097422e-06 1.3514025344281805e-05 2.6432179566260736e-05 5.311218965588034e-05 0.00010588453158360612 0.0002124300849562778
363 3630 0.0003899295905440635 0 0 4.741826978066089e-06 5.752222191304232e-06 7.784446969130345e-06 1.2222865831499265e-05 2.3518281178645513e-05 4.783174114762714e-05 9.515513260309843e-05 0.00019092013390124775
364 3640 0.00036823239795757653 0 0 4.427311080426338e-06 5.45544672577554e-06 7.111288280152079e-06 1.11449368656065e-05 2.154224020938935e-05 4.360723704977555e-05 8.724718251215268e-05 0.00017499393018166986
365 3650 0.000337168143102685 0 0 3.880944303043907e-06 4.815895132795784e-06 6.2283542575383664e-06 1.0094265982550909e-05 1.9369383284732807e-05 3.919254073542573e-05 7.869874620226211e-05 0.0001577869550787132
366 3660 0.0002854488410653415 0 0 3.257708854031174e-06 4.0775931893189235e-06 5.282069905746328e-06 8.557643936230336e-06 1.606946728734185e-05 3.276828379359623e-05 6.609139448429011e-05 0.00013252415736183832
367 3670 0.0002580786712967064 0 0 2.9297348635390725e-06 3.6706434728575342e-06 4.567420825089329e-06 7.554058243716801e-06 1.4221312772708317e-05 2.891332239073683e-05 5.852921545426981e-05 0.00011687453869373048
368 3680 0.0002498750249596223 0 0 2.8513570075548484e-06 3.4764135579209753e-06 4.372233080473051e-06 7.35785559915415e-06 1.3826993268633874e-05 2.8162608844817393e-05 5.664657091975718e-05 0.00011316023839471725
369 3690 0.00022541110299816223 0 0 2.504661244187033e-06 3.069969524730192e-06 3.972338590136029e-06 6.618481399193069e-06 1.2469770189732434e-05 2.5369336031588315e-05 5.099449658129243e-05 0.00010182007313463901
370 3700 0.00020460256983750413 0 0 2.245153918178261e-06 2.702974341679599e-06 3.5861956780037132e-06 5.971414490865826e-06 1.1230170091075216e-05 2.277949276017136e-05 4.562097204920479e-05 9.065482822193883e-05
371 3710 0.0002077029415111949 0 0 2.2791851086075127e-06 2.6183447794632786e-06 3.427906599141376e-06 5.741754178507665e-06 1.1025764054055471e-05 2.252562843714367e-05 4.5226443929077116e-05 8.997412978344142e-05
372 3720 0.00019385390763781743 0 0 2.106620570374807e-06 2.4341357365871223e-06 3.19140252588738e-06 5.455120787221564e-06 1.0510417564264328e-05 2.1464855314714138e-05 4.307057834608548e-05 8.568398842942007e-05
373 3730 0.00018470015203231362 0 0 1.9611679415483454e-06 2.338304698585587e-06 3.024208922371503e-06 5.18184437557231e-06 9.974556033951571e-06 2.0457768931395682e-05 4.107315557328565e-05 8.180636365434462e-05
374 3740 0.00016447526203701535 0 0 1.722165626366024e-06 1.9786314093235987e-06 2.557638655814828e-06 4.422857837322684e-06 8.497906563946684e-06 1.758670691024588e-05 3.529588792577383e-05 7.041416145860469e-05
375 3750 0.00014576246099878514 0 0 1.5153457723762952e-06 1.7254869439132915e-06 2.1952105310656713e-06 3.8043810846671316e-06 7.454867508286663e-06 1.5486039058928777e-05 3.1046884822612146e-05 6.18377999138098e-05
376 3760 0.00014692861399330647 0 0 1.5664650480640603e-06 1.769828389438895e-06 2.2073872363414785e-06 3.7937246087849493e-06 7.387225360008995e-06 1.5342149258892226e-05 3.080999611699725e-05 6.133170772022915e-05
377 3770 0.0001388334523622063 0 0 1.4412697804213692e-06 1.6717263199761232e-06 2.0605395567788255e-06 3.590276376885639e-06 7.0003761120136555e-06 1.452043981036484e-05 2.912585344214527e-05 5.801075605735134e-05
378 3780 0.00012550696005239566 0 0 1.2691827707768864e-06 1.4605239298443749e-06 1.7862007788648107e-06 3.092673860334094e-06 6.056687844236887e-06 1.2473951837482843e-05 2.5020756207590634e-05 4.986253737417083e-05
379 3790 0.00010832853222652924 0 0 1.0936123167096618e-06 1.2270978067174606e-06 1.5066374790486695e-06 2.6744185619451974e-06 5.21139736605882e-06 1.0756703453163575e-05 2.1606586167440002e-05 4.296866356165843e-05
380 3800 9.83066804062329e-05 0 0 1.0036344031485596e-06 1.106392083837614e-06 1.383003122459056e-06 2.4393741934167387e-06 4.765011265737689e-06 9.867195746001018e-06 1.9902188327898662e-05 3.9647775368312756e-05
381 3810 9.386096231310552e-05 0 0 9.569460245286375e-07 1.0988658374013818e-06 1.3013651178403464e-06 2.3034954108587166e-06 4.465058801701923e-06 9.202637498530706e-06 1.8484423359003495e-05 3.69352805337671e-05
382 3820 8.249858934195917e-05 0 0 8.275896271916143e-07 9.663150510502056e-07 1.1055509633515434e-06 1.9810671258615503e-06 3.814636635270875e-06 7.76242811892476e-06 1.5628263453532417e-05 3.124648726433412e-05
383 3830 7.60653084625783e-05 0 0 7.81935933827088e-07 8.936852316447451e-07 9.933088169147614e-07 1.788613333090389e-06 3.382964010369468e-06 6.915624258245991e-06 1.3975689834542114e-05 2.7832102252229223e-05
384 3840 6.922628857872732e-05 0 0 7.176092892232082e-07 7.940881238653004e-07 8.772363541550109e-07 1.5784751836474602e-06 2.892301799050435e-06 6.036389815636043e-06 1.2238022330091278e-05 2.4368732528533465e-05
385 3850 6.248117670514323e-05 0 0 6.440403982695563e-07 7.078956800556342e-07 7.880996701102364e-07 1.417590077516304e-06 2.55608514075382e-06 5.373789501477978e-06 1.0864725254567212e-05 2.165638512385464e-05
386 3860 5.8888018799347844e-05 0 0 6.090867351581337e-07 6.649202102382821e-07 7.30439950902981e-07 1.2210276134155287e-06 2.22085839508602e-06 4.6065405125380695e-06 9.331758214851455e-06 1.8576155773446567e-05
387 3870 5.647233355640152e-05 0 0 5.702718306657781e-07 6.31194440628832e-07 6.813876806047624e-07 1.1432744064948905e-06 2.12055130807183e-06 4.3516756099704695e-06 8.801897956940208e-06 1.7488972705868427e-05
388 3880 5.089392420518803e-05 0 0 5.06670485938854e-07 5.640487773507566e-07 6.085697703223039e-07 9.946715865129945e-07 1.837772822273667e-06 3.6834102443979366e-06 7.472985403495389e-06 1.4858088827376365e-05
389 3890 4.439462277783298e-05 0 0 4.3071401899188547e-07 4.867091940510022e-07 5.232350863697513e-07 8.565069923306104e-07 1.611751994506089e-06 3.234032731170107e-06 6.543797360551005e-06 1.3011484440046215e-05
390 3900 3.894038565823889e-05 0 0 3.8354307308994805e-07 4.117364810056819e-07 4.459038248086913e-07 7.368030729700793e-07 1.3445307164962965e-06 2.6922584729727896e-06 5.435357305135964e-06 1.08247494302689e-05
391 3910 3.6497542342885316e-05 0 0 3.5701643559975866e-07 3.893988078859425e-07 3.97506819491313e-07 6.725558062036445e-07 1.2271637168015712e-06 2.473438928252262e-06 5.000121492582851e-06 9.932998173824211e-06
392 3920 3.57627569425678e-05 0 0 3.3127980107202846e-07 3.8147034496980976e-07 3.7822607425661474e-07 6.463753228205879e-07 1.1648728776918678e-06 2.3738829684187022e-06 4.79482222845816e-06 9.489331749920571e-06
393 3930 3.139281793182745e-05 0 0 2.789610928217325e-07 3.2719873463982585e-07 3.251934157013039e-07 5.538846267561207e-07 9.917444241808233e-07 1.993010855037108e-06 4.019280392303578e-06 7.94570082691535e-06
394 3940 2.7579429840786914e-05 0 0 2.432148908221886e-07 2.8700715963566714e-07 2.8485609975872585e-07 4.7551771378234925e-07 8.510245973032898e-07 1.7217908908301808e-06 3.485583290220291e-06 6.9030750531478395e-06
395 3950 2.3920442917305613e-05 0 0 2.0585171572704041e-07 2.4070845238857084e-07 2.429524908924757e-07 4.1214599557883937e-07 7.32832572146819e-07 1.4717448818198162e-06 2.9829648081432908e-06 5.9122924561629826e-06
396 3960 2.1316317623622957e-05 0 0 1.8242932736254142e-07 2.09747648045903e-07 2.0635606344099313e-07 3.545498639392379e-07 6.478345942113897e-07 1.297225114587297e-06 2.6460852515227853e-06 5.25076255243795e-06
397 3970 2.0011250190395215e-05 0 0 1.6935857402144027e-07 1.959231981388328e-07 1.8948060550086273e-07 3.210173451943341e-07 5.76258056682877e-07 1.14336980026722e-06 2.315196949111782e-06 4.60438864791368e-06
398 3980 1.850801752377913e-05 0 0 1.55939230052968e-07 1.7948768511298863e-07 1.724698948023308e-07 2.9686118389459435e-07 5.354891962681503e-07 1.0591040097198094e-06 2.139998280939579e-06 4.25915579006989e-06
399 3990 1.6517546890063876e-05 0 0 1.3862438786974218e-07 1.5904335506421383e-07 1.5160962866839716e-07 2.5426168884156713e-07 4.660853971741846e-07 9.225201709276346e-07 1.869619379188955e-06 3.713909259077569e-06
400 4000 1.4469921648111314e-05 0 0 1.2142023962947352e-07 1.343479612521263e-07 1.3236417544328663e-07 2.2031747153344657e-07 3.9989458198754683e-07 7.945653509740308e-07 1.6193786380489775e-06 3.2176866596596825e-06
401 4010 1.2782184987882496e-05 0 0 1.0407410449406782e-07 1.1814728713375302e-07 1.1393014832759036e-07 1.878463067815298e-07 3.4020786291879223e-07 6.788503014753454e-07 1.3798973283600154e-06 2.743222741490717e-06
402 4020 1.1207855366265497e-05 0 0 8.930294350739019e-08 1.0448338809639663e-07 1.008124742185097e-07 1.6500777987739303e-07 2.919464977324795e-07 5.725239632039885e-07 1.1625489445224073e-06 2.3093240201211405e-06
403 4030 9.465436196663233e-06 0 0 7.143213038466832e-08 8.569015833741496e-08 8.31699300037331e-08 1.381514399366848e-07 2.4668536816149115e-07 4.814157104701794e-07 9.763373810493312e-07 1.940148200290796e-06
404 4040 8.74583283443835e-06 0 0 6.557451448363047e-08 7.86315706748801e-08 7.860508850168725e-08 1.2623282303745467e-07 2.285389702464648e-07 4.43862774145007e-07 8.933058248223755e-07 1.7708796006048071e-06
405 4050 7.78181347990069e-06 0 0 5.918072153478804e-08 6.966553824596221e-08 6.914021871057303e-08 1.0948567664292815e-07 1.9369286702302107e-07 3.7381071421565393e-07 7.588700669228058e-07 1.5055001470909817e-06
406 4060 7.13519489638057e-06 0 0 5.389157030490368e-08 6.231848881139893e-08 6.109360328860404e-08 9.756386648090067e-08 1.7526488562054826e-07 3.381992863710565e-07 6.918972731059451e-07 1.3762349929542493e-06
407 4070 6.233198497655281e-06 0 0 4.669157673822929e-08 5.392718022439518e-08 5.171224597871298e-08 7.871315253515071e-08 1.4447932712725768e-07 2.813350100114023e-07 5.758779936606771e-07 1.1514348950383807e-06
408 4080 5.690880014360377e-06 0 0 4.201183634239768e-08 4.8591031090046704e-08 4.6605384970425606e-08 6.959729485873303e-08 1.3189908693140132e-07 2.5678563309846456e-07 5.276028509876072e-07 1.0539888405881633e-06
409 4090 5.5007803787128524e-06 0 0 4.0614290021052516e-08 4.677317867914769e-08 4.496259516531799e-08 6.833849278964097e-08 1.309705254655438e-07 2.54991166197438e-07 5.228601668785317e-07 1.0431694770882222e-06
410 4100 4.962425547371962e-06 0 0 3.6548134729603496e-08 4.2039562050425324e-08 3.9814244945176173e-08 6.064366049857755e-08 1.1494367629388834e-07 2.2661547797867556e-07 4.6029188910632156e-07 9.204694083136106e-07
411 4110 4.570331078131469e-06 0 0 3.3454021602964486e-08 3.812351443419699e-08 3.5254839716252475e-08 5.437956664873551e-08 1.0314830908701464e-07 2.058125145763424e-07 4.169035969527971e-07 8.350862059050584e-07
412 4120 3.9741766353166294e-06 0 0 2.8584860305501877e-08 3.263188051712116e-08 3.0216557886760374e-08 4.670342422345221e-08 8.984586976230863e-08 1.7808139863449928e-07 3.5906805948354024e-07 7.179987448887258e-07
413 4130 3.6375801645079463e-06 0 0 2.6070817920949837e-08 2.9519862999325992e-08 2.74252396050879e-08 4.242837153865659e-08 8.178796788092369e-08 1.6162330636219212e-07 3.2569485422264185e-07 6.508002015629725e-07
414 4140 3.5247326089182528e-06 0 0 2.5399149938209125e-08 2.7147544152644118e-08 2.6272445545216263e-08 4.0138629087986054e-08 7.821348548990936e-08 1.547570558456561e-07 3.135468696614608e-07 6.296827519762122e-07
415 4150 3.1253498853823083e-06 0 0 2.2666677179697706e-08 2.3298907176836553e-08 2.314185332518652e-08 3.394003674611994e-08 6.682286993276949e-08 1.3222998873075478e-07 2.6925496846096314e-07 5.414466177447643e-07
416 4160 2.9788359586330067e-06 0 0 2.1618227715867217e-08 2.1681489711819593e-08 2.249293917296825e-08 3.099289346901943e-08 6.18788610433492e-08 1.2078422826423578e-07 2.4500439535968454e-07 4.933343891975348e-07
417 4170 2.7539276649843556e-06 0 0 1.829396374903575e-08 1.945124533870359e-08 2.0714343446837656e-08 2.8696673298704065e-08 5.785031619205032e-08 1.1338069089161117e-07 2.28869808868908e-07 4.5986561504912323e-07
418 4180 2.4610045548120183e-06 0 0 1.5476029030406638e-08 1.6048133802507266e-08 1.828538902529647e-08 2.556408132122196e-08 5.0687895581462926e-08 1.0005721505490614e-07 2.0205837385636688e-07 4.059508653599045e-07
419 4190 2.3581636279986497e-06 0 0 1.4632967947376554e-08 1.4867922805497804e-08 1.7616213723003513e-08 2.363440795720406e-08 4.819116875501855e-08 9.475326115150614e-08 1.9126473652915033e-07 3.8206542377466176e-07
420 4200 2.0941063939157474e-06 0 0 1.3113745993326938e-08 1.3054415200479815e-08 1.5169122018205254e-08 2.0035096453713438e-08 3.9827799033097564e-08 7.781247499300447e-08 1.568041697995236e-07 3.128294452327439e-07
421 4210 1.8949976831181615e-06 0 0 1.1583337431992554e-08 1.1553111016471212e-08 1.3844361467258475e-08 1.7855470606247925e-08 3.452911565549329e-08 6.743673214392889e-08 1.3595925209438098e-07 2.714375594820041e-07
422 4220 1.6807468952988313e-06 0 0 1.0147092112073346e-08 9.940560620114625e-09 1.2147033959653424e-08 1.6003630008564893e-08 2.978186324095507e-08 5.7676466092946066e-08 1.1554949804156476e-07 2.310547469420461e-07
423 4230 1.6493463072923286e-06 0 0 9.952040723722399e-09 9.475846529282863e-09 1.1698003418916763e-08 1.5330137603136328e-08 2.853896904840966e-08 5.526346038207504e-08 1.1119300510446555e-07 2.2128271276692523e-07
424 4240 1.5962858371339537e-06 0 0 9.250954100570913e-09 9.321877471444933e-09 1.1016043714919855e-08 1.460184731718717e-08 2.737077557049673e-08 5.3065006491274584e-08 1.0650399737663075e-07 2.1184971184422317e-07
425 4250 1.5482864745799932e-06 0 0 8.687607254014957e-09 8.744593480133482e-09 1.0480381847787148e-08 1.413755209393743e-08 2.630391845609528e-08 4.993759277589148e-08 9.900523570368493e-08 1.9646637723138523e-07
426 4260 1.5501887633864355e-06 0 0 8.584836753185021e-09 8.624674227514313e-09 1.054538700093251e-08 1.375951108543097e-08 2.5380261199537815e-08 4.8760425079426955e-08 9.653762084214652e-08 1.9203795029987515e-07
427 4270 1.4384500120497609e-06 0 0 8.20920363784526e-09 7.89497557499016e-09 9.579715979526867e-09 1.2551217649757641e-08 2.3268032466349984e-08 4.470847705565141e-08 8.870499714168279e-08 1.7675378922472917e-07
428 4280 1.335788809115876e-06 0 0 7.554265410683492e-09 7.269487599940517e-09 8.519216775665876e-09 1.1313719703623165e-08 2.1053896393554954e-08 4.027374327686544e-08 7.921005481003693e-08 1.57920748168364e-07
429 4290 1.1502489644631673e-06 0 0 6.4791959314796156e-09 6.150026841914142e-09 7.027294051593592e-09 9.3388370512184e-09 1.725401536636438e-08 3.353622775320129e-08 6.616090761557168e-08 1.3288990718254534e-07
430 4300 9.892160007054074e-07 0 0 5.567682259416456e-09 5.231472154562337e-09 5.944444537589265e-09 7.938869279054279e-09 1.444780837518224e-08 2.8432481466404657e-08 5.5857146198493796e-08 1.1214351446362714e-07
431 4310 8.353610044627309e-07 0 0 4.683785423859984e-09 4.318112888125814e-09 4.957763617854473e-09 6.540059670016654e-09 1.2052175304091123e-08 2.3926819531851913e-08 4.691936711347218e-08 9.429298257959343e-08
432 4320 7.873988834081298e-07 0 0 4.458515818921403e-09 4.096823799193417e-09 4.549191094731443e-09 5.934242043225798e-09 1.0933619608613122e-08 2.1704164978713473e-08 4.256167497668524e-08 8.523130830244228e-08
433 4330 7.270904580294185e-07 0 0 4.026560870482681e-09 3.6944759859424226e-09 4.211291237920011e-09 5.5674029507210034e-09 1.0136115194047973e-08 1.9853632103826144e-08 3.906104848327049e-08 7.810507603524853e-08
434 4340 7.038865441637034e-07 0 0 3.849233794166362e-09 3.5584926769904383e-09 3.984964577013526e-09 5.315271264915761e-09 9.834323022417226e-09 1.9445943041100953e-08 3.8637098534223894e-08 7.697082672204784e-08
435 4350 6.532913163708164e-07 0 0 3.5912927375410515e-09 3.2260002868364673e-09 3.63796463283895e-09 4.8463239026894684e-09 9.216216293413746e-09 1.8069448812582164e-08 3.592702192087162e-08 7.171478172411853e-08
436 4360 5.470935786268082e-07 0 0 2.8214235481579443e-09 2.6836016944050432e-09 2.9182360730895602e-09 3.967495748402659e-09 7.616768446414195e-09 1.4870043351203903e-08 2.955065418850143e-08 5.9002894075802145e-08
437 4370 5.007679035666409e-07 0 0 2.6096442426866383e-09 2.4831829100573654e-09 2.592195302625305e-09 3.6264504026132056e-09 7.04239108280882e-09 1.3809539046229933e-08 2.7466620647239866e-08 5.500501426951076e-08
437 4370 5.007679035666409e-07 0 0 2.6096442426866383e-09 2.4831829100573654e-09 2.592195302625305e-09 3.6264504026132056e-09 7.04239108280882e-09 1.3809539046229933e-08 2.7466620647239866e-08 5.500501426951076e-08
