% # columns="iteration, evaluation, void, void, void, xmean", seed=912442, Tue Jul 14 20:44:01 2020, <python>{}</python> # scaling_of_variables: 1, typical_x: 0
1 10 0 0 0 -0.06405837726914031 0.10379673876107938 0.12147264118132732 0.3961890567265059 0.13507561107852645 -0.36699951768813444 0.22566751547723382 0.14237843667839487
2 20 0 0 0 0.023192574756996112 0.17855396882652494 -0.1074628746319994 0.38659818587445816 0.12031853541628056 -0.4224626294456419 0.2575222480084164 0.07654032821459789
3 30 0 0 0 -0.058822212154620676 0.1726031709753372 -0.16036714846351774 0.20656043250270376 0.18737822270456353 -0.32127711211884513 0.5660216068123398 0.15075819236912902
4 40 0 0 0 -0.141517800744894 0.3377426013387606 0.15784026650658833 -0.038144581892956 0.06834992483159488 -0.3457542679435741 0.4797596134221393 0.33885715921384846
5 50 0 0 0 -0.34306051203101373 0.26808007773375536 0.11173606720279639 -0.20692683000511408 0.0550250683974662 -0.37721222994407366 0.60641016165423 0.38526556112744026
6 60 0 0 0 -0.10073615125615737 -0.031239053510843606 0.27737345028884625 -0.055553720317616434 0.13035720051285377 -0.6794516984492351 0.6531920141253832 0.6068016890031028
7 70 0 0 0 -0.3523872623681021 -0.00423240887046181 0.2970640092851744 -0.48009279612029787 0.05427451689582932 -0.6350266303779417 0.7514809766675434 0.6877629924199363
8 80 0 0 0 -0.12876962406180706 -0.1853185663711593 0.20348901286037396 -0.0929672229535693 0.19355697047471127 -0.63404424023058 0.6001529363009059 0.5922164411575841
9 90 0 0 0 0.035109539287955766 -0.2669372118177621 0.18321684466585797 -0.08270300221654599 0.0027585895018661377 -0.4726488528037341 0.6066960433459503 0.7261528869380639
10 100 0 0 0 0.07547408189121767 -0.17819895628607293 0.15495427065063153 -0.05824583525101423 0.013642737271712418 -0.31014804884540864 0.32334908485175723 0.48878163408356123
11 110 0 0 0 0.1676943045318637 -0.06480250449979899 0.09224881578125096 0.009474052504391678 -0.06915599790191491 -0.18529534575255135 0.14851557669046112 0.21428049503097524
12 120 0 0 0 0.28244948101337086 0.14378327529006665 0.03732307660140266 0.11388929420945394 0.03381984482784163 -0.19865348006011813 0.13418257383764304 0.06037176379043463
13 130 0 0 0 0.290282309539835 0.04888719448053025 0.09119277097654575 0.08566366510056223 -0.0858632927536951 0.011884628759061211 0.19667814617820573 0.27183525489802984
14 140 0 0 0 0.028492960725913785 0.05751441227862048 0.042371072631828814 0.035287752075946144 -0.05748743596334383 -0.015307079811524911 0.219981273000236 0.2462815310589116
15 150 0 0 0 0.19482162993650956 0.09177078441782859 -0.01517646959794685 0.09411234166171721 -0.012912015521494714 0.12717636245704464 0.002065630609571545 0.15130583839806266
16 160 0 0 0 0.3106429208387615 0.21779549739850157 0.06179410497592742 -0.010502164476498696 0.028844920863127503 0.17855885010086434 -0.08124346541314556 -0.033106734930572895
17 170 0 0 0 0.31839909824955975 0.22479127008419383 0.06566306066183657 -0.1447194835603775 0.14706283687088326 0.06742406109026235 0.023598200048900772 -0.05753712536453218
18 180 0 0 0 0.3257772278739773 0.1958586555961878 0.018426321352427638 0.05235340191777588 0.02063691204824572 0.04227738411560788 0.11057994737770131 -0.03664446791828943
19 190 0 0 0 0.24956376182138937 0.1437884415762191 0.05412583761218396 0.014196241239186641 0.07365509620068753 0.03591764206638659 -0.030940430267278926 0.03719664418456563
20 200 0 0 0 0.38919595117051886 0.13841578377381614 0.09716020707832078 0.05064438467316876 -0.004074075219603332 0.010869742733414647 0.006326087740035798 0.034711942498177495
21 210 0 0 0 0.47540049206252094 0.18343966544447057 0.12006909316715617 0.015197512232634963 -0.04467509993022631 0.01801636374891402 0.03524223711032792 0.07320573804287099
22 220 0 0 0 0.5433889880743081 0.20910597876029363 0.08742162391393538 0.04921616641915956 -0.014539992499250282 0.01561900092628013 0.063493781918677 0.0654090208002764
23 230 0 0 0 0.5530826509033102 0.27199730026155033 0.08991051156671773 0.023573876222890314 -0.00014721115692773248 -0.026739013921778396 0.03967201540496884 0.0507055733055015
24 240 0 0 0 0.5779532698804704 0.3119531958363359 0.0717370377461902 -0.005380637889231734 0.0038130626745922127 0.012132434801318447 -0.014770717788914506 -0.04095815192514542
25 250 0 0 0 0.5528732747882068 0.3164379861650013 0.08479360611092689 -0.025958552121028457 0.03339540625318603 -0.0025367904231903306 0.02352579950819897 0.0232159243886165
26 260 0 0 0 0.5277228371113731 0.2894264266639716 0.042548734838508843 -0.028556056379795754 0.03947234076287424 0.03659795026444858 0.0021193757983251557 -0.010085752429135994
27 270 0 0 0 0.5359364836799517 0.31417145548399955 0.10406332902943609 -0.04023541872775569 0.025280414962671843 0.03055120954942118 -0.009595151521798278 0.025416528091098435
28 280 0 0 0 0.5484272301768576 0.3072064808272938 0.12750525667828544 0.04397859610299166 0.0307627457904454 0.021833162538716883 -0.009986763036959083 0.01069377309719216
29 290 0 0 0 0.5373929868141044 0.3034732611701487 0.10906151061629446 0.0320014222876291 0.024676826656994916 0.03156333452079987 0.006073918342050644 0.0360388705565517
30 300 0 0 0 0.5322801734665731 0.27987461391970386 0.07833443804038911 -0.004937351557071895 0.03467492053022775 0.044899722239894954 0.025170705745966054 0.013069369011228044
31 310 0 0 0 0.5446591831461118 0.286721904839732 0.08982427126750228 0.023455819750394225 0.04714666817756768 0.0407541172925532 0.014240504769074954 -0.015630860508590288
32 320 0 0 0 0.5364955309359976 0.2892510260774824 0.0742628211780115 0.010688986481743885 0.030971094141069782 0.026883316595642144 0.012733954822096388 -0.000337635642176419
33 330 0 0 0 0.5243251809419671 0.2842791235895236 0.08694074953911081 0.016094635607797697 0.015128663148727198 0.02165411304954835 0.02199653204146293 -0.0093922017401208
34 340 0 0 0 0.5392383824654577 0.2981493114246563 0.09292100364988747 0.02734080025408271 0.02317246569466436 0.0227748322533207 0.01205930174145764 -0.0010085669878029356
35 350 0 0 0 0.5419338306656538 0.2981288676461145 0.07572266429135882 0.015443089194495524 0.02909572159821501 0.022470817543103257 0.013019512422224716 -0.0006778567007357809
36 360 0 0 0 0.5548735975526745 0.3116459973519187 0.10064202285059762 0.01715772174032289 0.027152387427446432 0.016122343663208586 0.014288320211934144 0.0043810793541643415
37 370 0 0 0 0.5650333183166707 0.32738532211429056 0.11414674498275042 0.01186933476074416 0.027708576779672173 0.014234622115799041 0.005414119095455326 -0.005628004993376323
38 380 0 0 0 0.5752872178341287 0.334325909336505 0.10860023471977563 0.02304101672655126 0.020149651201686578 0.015418134029242624 0.0036292699163273604 -0.009865306646088012
39 390 0 0 0 0.570804518475628 0.3271475828131693 0.11533730358536355 0.01791453401350929 0.02197387737619294 -0.005830117588489248 0.014075600133268105 -0.0054779281773547584
40 400 0 0 0 0.5839137656867847 0.33880488530847386 0.12350208281389041 0.011603635360858395 0.024773033492910258 0.0006089634814671454 0.008853608735175536 -0.00016469252493183772
41 410 0 0 0 0.5890698065839844 0.3394333535103143 0.12777852876571866 0.021281357961403204 0.026456732877819 -0.0071851323709791436 0.0036117618481413226 -0.0010859984357221172
42 420 0 0 0 0.5870448635182605 0.34411546247221364 0.1274561867885932 0.03378336926610527 0.017451054716065926 -0.004258382868755282 0.012003898576959103 -0.008097202274641764
43 430 0 0 0 0.6015858866611129 0.35079630820648633 0.1270696232211519 0.038672203662141844 0.00834915648160219 0.005453113548386265 0.009013870800856142 -0.01502275418636826
44 440 0 0 0 0.5895061941078116 0.34936757987342804 0.12582235567453007 0.03746739318797959 0.009255074281685172 0.0028564908818970508 0.007084151149850775 -0.010338503526329963
45 450 0 0 0 0.5994547257074909 0.358685879565926 0.1349451523652026 0.03022366003030046 0.001215529365826926 0.005425587751607521 0.009401324561647495 -0.011602349626623005
46 460 0 0 0 0.594182644333944 0.35207519819170335 0.1332177176759802 0.019801154222972475 0.006990655159868508 0.011409240547659 0.0023496547522898655 -0.003561280278145909
47 470 0 0 0 0.6137400095614906 0.36332874536120424 0.1408833693400064 0.026497605644381406 0.004902710138581326 0.011165476729053924 0.006050064557655567 0.0012831633821730366
48 480 0 0 0 0.6068584262304667 0.36931324473195704 0.14723578103442522 0.03757156611098571 0.01047299223854294 0.009415492476429258 0.009891664236902372 -0.002825605322249885
49 490 0 0 0 0.6200838994737428 0.37955695113601584 0.1528363662186702 0.03856574223431622 0.008283909871576369 0.012122284939245019 -0.0025058187351529246 0.001538025961815433
50 500 0 0 0 0.6220636700222326 0.39051497522328976 0.1627744735721309 0.041184009083759694 0.01240774182643678 0.007788029983774589 0.007713028023306801 -0.004115559409158882
51 510 0 0 0 0.6402516887246182 0.40878963151442066 0.16919849764810935 0.04091485872596661 0.00847966472369178 0.009407807449587236 -0.0018614757049434019 -0.002876932808415408
52 520 0 0 0 0.659512556502309 0.4345848974415167 0.18736902783844694 0.055278703337403264 0.01102045712281502 0.005209517867486233 0.007304728876544653 -0.007143132245431542
53 530 0 0 0 0.6674698168023298 0.45136488188067025 0.1986147737490738 0.05757131849657224 0.005692564020414958 0.005745293189087724 0.005114163102058693 -0.0038872394916906732
54 540 0 0 0 0.7039796244252396 0.4940082239806084 0.22753845495714423 0.06089735096066747 0.013060583897808335 0.013001336312507815 0.009793655795347134 -0.005183615980311416
55 550 0 0 0 0.7167732640676622 0.5059115045217429 0.23390362274787418 0.05861282378463101 0.015735479242667858 0.012053482862336947 0.006721711474757433 -0.007644390595495331
56 560 0 0 0 0.721283311617012 0.5265714632228747 0.2640351545502189 0.06841612016271024 0.01032721741898654 0.014942968220994094 0.0010435988404340043 -0.007385952034583296
57 570 0 0 0 0.7375503312192553 0.5290758430038246 0.2787547072666412 0.08494891506593714 0.01275784937911263 0.007349286846038331 -0.0017770610551719052 -0.006874124284355185
58 580 0 0 0 0.7296925941230348 0.5146868034889672 0.2672966021637218 0.09369730391766119 0.00971016143096382 0.00269902471067034 -0.006860273348278152 0.0030380581546666256
59 590 0 0 0 0.741860029137327 0.5411482937815117 0.2873229755180578 0.10071361133374862 0.0061021582853133215 -0.004818034337590489 -0.004817436272864655 -0.005023323686166267
60 600 0 0 0 0.7639799928328445 0.5732775763277225 0.31202929568839943 0.11261096983107406 0.009639770555212564 -0.009683009455841541 0.004266015686630716 0.0017569423376970301
61 610 0 0 0 0.7705502211591251 0.5776385072218784 0.327034463403966 0.12094720627136599 0.006163360210580562 -0.023875148092811573 0.001104530476503229 0.011291143581415412
62 620 0 0 0 0.7822077371174639 0.5921766379755703 0.3365798554229951 0.1287801802240669 0.008231465479617494 -0.00950516237316922 0.0022194063633169713 0.01111707510562295
63 630 0 0 0 0.7711012774546668 0.5871609173272112 0.3484787845910161 0.1247088127867953 0.00896395252406872 -0.0011201567925030725 0.010782814960276919 0.012150478670478148
64 640 0 0 0 0.7991383801977576 0.6318211960410951 0.3801659807983186 0.13523303757020855 0.0032165651069065463 -0.004092552308636727 0.028766130937653005 0.011464839784638003
65 650 0 0 0 0.7905648000373464 0.6214336250143794 0.37148406929761163 0.12778223649097636 0.006198744019480999 0.00376379553608412 0.022622059484686055 0.016435370325494216
66 660 0 0 0 0.7766784057722765 0.6197558956399001 0.3750427089886923 0.1424488075112262 0.012616716810660239 0.011363542884451603 0.023984660612839222 0.014840872560160097
67 670 0 0 0 0.7966064918936955 0.6433851982722694 0.39175540970008654 0.1606710785214477 0.016854368355774512 0.005982489398108977 0.011741719292794765 0.019174604447534636
68 680 0 0 0 0.8008367366355438 0.6356500156148472 0.38202454216504017 0.1548208016576655 0.01901407351598977 -0.010524495282504764 0.012963461767586733 0.0009003483879138664
69 690 0 0 0 0.8121919248647262 0.6539705577753578 0.40819770131289873 0.16195091016858768 0.021496642691458574 -0.0018337991076187634 0.009812910680341048 -0.010397601590371059
70 700 0 0 0 0.8033747645385424 0.651402645027954 0.422157650499162 0.17309946264329248 0.019806599040318527 0.00023297524565845306 0.014634816620484088 0.003737973592744071
71 710 0 0 0 0.8043092991208478 0.6637902015830794 0.44401460517563185 0.17895884301044415 0.0334814162410787 -0.0009972913951059685 0.010389845683992984 -0.0034910199621511102
72 720 0 0 0 0.815427735484624 0.6822354710486206 0.46401660497672775 0.1891758502428775 0.030634802515616635 0.005174177169063207 0.01466485766451395 0.007577098730326606
73 730 0 0 0 0.817308072689802 0.6907512778476976 0.47690373200451897 0.2171959193614936 0.026617127791684354 0.00365664631426637 0.01783294379659262 0.009616267947090572
74 740 0 0 0 0.83264235444479 0.7244155524065495 0.5196699278065252 0.2501478968801503 0.04419848805664979 -0.01111006784312295 0.011993941805153608 0.01873424294239387
75 750 0 0 0 0.8346257943563122 0.7142363954797609 0.519815209739022 0.24931838974633236 0.05297720006809978 -0.00023500860076545137 0.002410272046710963 0.004423763416689153
76 760 0 0 0 0.8291951937804646 0.6961716434007483 0.4987932484275041 0.2562979632024605 0.055123304025119446 0.007212644220777506 0.003015765930687945 0.006065519700431869
77 770 0 0 0 0.8341451194068503 0.716186933810286 0.5222488939198203 0.2687279936844754 0.07291921872940293 0.011054888482525857 0.010255076785393776 0.0059213841064581
78 780 0 0 0 0.8478335949515861 0.724608272411609 0.5195974198597525 0.27804110856257025 0.0872144235665304 0.01723781641056995 0.0008645004742138165 0.0004515057638105899
79 790 0 0 0 0.8808021343207677 0.7797988121047431 0.5804145182371007 0.3324828815126604 0.1137794277232928 0.029150428843129923 0.00341334221237299 -0.001428859765977071
80 800 0 0 0 0.8580071780473061 0.7501573373580831 0.5537288927617147 0.3201695907045236 0.09847900765113993 0.028858006109893673 0.009272568802438987 -0.01647181732357014
81 810 0 0 0 0.8551998398163766 0.750886126694352 0.5769007863227167 0.3369650484433319 0.10695429777470061 0.011827176821837763 0.003500624395884987 -0.00318501708958863
82 820 0 0 0 0.860357551816992 0.7546063956254065 0.5895582200609059 0.3333416562327715 0.11217497993587011 0.024802915798447324 0.012245351250091841 -0.00231954078869903
83 830 0 0 0 0.8805987589157045 0.7767016998034904 0.6148106949631754 0.3520487463187996 0.1177088333743271 0.018408103129584664 0.01869324114388792 0.03573395113858203
84 840 0 0 0 0.88514534431614 0.7739574079997826 0.5971948078934528 0.3402489115774519 0.11256584448349392 0.02054045880321911 0.02409407190485454 0.03313554343104205
85 850 0 0 0 0.8842980182336403 0.7668230531585846 0.5736292818417621 0.3300147235909492 0.11740585560211375 0.02087424752400053 0.02837350592654021 0.025648249801980206
86 860 0 0 0 0.8790345625721796 0.7625369632319375 0.5728005505899356 0.3409442863799809 0.1310176184556774 0.03865962352644971 0.030446118111028875 0.02128609738197094
87 870 0 0 0 0.8693794338395505 0.7468609677712366 0.5706308452580542 0.3496236179123815 0.14000570244716132 0.03244637466006382 0.016185297763152525 0.010041888336647684
88 880 0 0 0 0.8785550170693357 0.7656846935869711 0.6008103377795141 0.3796859446771618 0.1602919029805023 0.021602753799559934 0.017122205326922508 -0.0014417184965432282
89 890 0 0 0 0.8755817716208297 0.7751734610286444 0.612109891367656 0.3808136732031573 0.15350835746289362 0.01924967427000636 0.01725190360370986 -0.00715270365834359
90 900 0 0 0 0.8892202507056272 0.7952089644555573 0.6324298727777165 0.39619008549210283 0.16270602343156498 0.028025006133223236 0.025291195357441464 0.002645520429624514
91 910 0 0 0 0.8926121219407083 0.8113216584673804 0.6617028752524178 0.41755759786465624 0.17585820354935333 0.01886782900576327 0.022424443806860154 -0.000496598985353227
92 920 0 0 0 0.8970106868725453 0.8119912595764398 0.6652581071664712 0.4260130722928723 0.17716220714956932 0.017648368657401155 0.01718799478160311 -0.0004754489884128051
93 930 0 0 0 0.9078657947642725 0.8177753013005875 0.6678224624910428 0.4372195785618888 0.18303824707247524 0.021024592839241754 0.014662387394712323 0.00391391746821184
94 940 0 0 0 0.9129223098233982 0.8259460941460481 0.676846262578352 0.4505252156523969 0.18374821235651093 0.02403493189042601 0.02498782571052172 0.00353405239184167
95 950 0 0 0 0.9191990662521973 0.836353755652752 0.6859075909722656 0.46979611117198317 0.2033772691673675 0.025034700597030387 0.023000499784408622 0.0028015198155990737
96 960 0 0 0 0.9175098936679784 0.8364989829422922 0.6893549886417334 0.4690830348995257 0.20147870505636495 0.02108708341720915 0.01844650071328583 -0.0027999101556585994
97 970 0 0 0 0.9183606362465168 0.8315789338126439 0.6858573259733083 0.46319431727251004 0.20833174056767834 0.03183163537942803 0.013560386214951299 -0.01415052925862847
98 980 0 0 0 0.9166832272125308 0.8235210380469198 0.6804323953009568 0.46365536079095127 0.20699436231015778 0.03566375612595516 0.009836464302161766 -0.01135611779450667
99 990 0 0 0 0.9183338159209603 0.8351888717863729 0.6928455450811574 0.4694248849643518 0.22140146270758504 0.04043903155826747 0.011753378060382331 -0.007792758661052009
100 1000 0 0 0 0.9273448166714654 0.8486347578213974 0.7110369440513404 0.4893559792924949 0.23913962464010702 0.04925627413232576 0.009666689002730055 -0.01445374630568116
101 1010 0 0 0 0.9279651133692117 0.8412070497408206 0.7000272997094715 0.4856432095107844 0.24319180847218394 0.047143439253975974 0.015140124186290675 -0.007829417356961443
102 1020 0 0 0 0.9262526764726372 0.8389357036318043 0.7058677421322846 0.5030948526563478 0.25200349312198034 0.05558221269484408 0.006147021374323429 -0.0071319361012877605
103 1030 0 0 0 0.9266875377943213 0.8447893959463302 0.6992652561750794 0.4915354494498877 0.24017444686472633 0.06202076714041797 0.011802743433983118 -0.0020546527460841004
104 1040 0 0 0 0.9269469589311384 0.8456328053575732 0.7073186764010843 0.4912710635161024 0.24098932633143547 0.058340636744478334 0.01555119743099719 -0.011274860775558341
105 1050 0 0 0 0.9248689647091065 0.850343893568282 0.7100882361049005 0.49918000928176104 0.2494932930858933 0.06953086809992622 0.014553170876104967 -0.006645288691882586
106 1060 0 0 0 0.9202391581766323 0.848349354111956 0.7136423666193715 0.5101294671553532 0.2616440342125693 0.06022635327436758 0.009824695425168176 -0.005165795268959223
107 1070 0 0 0 0.9152894262565406 0.8425050590860583 0.7149127833590828 0.5175540103076364 0.2732350871762674 0.06429160505475853 0.008289650976778605 -0.006417149568161111
108 1080 0 0 0 0.9173178054512517 0.8506082273100587 0.7217568167902259 0.527352318808871 0.2782204744572171 0.06900908896495503 0.008645401534798968 -0.0016171797801771831
109 1090 0 0 0 0.922735971224671 0.8586132547702561 0.7323290862024229 0.5226206731845958 0.2754531635586253 0.06960662005018298 0.006102855547048262 -0.002783735061289672
110 1100 0 0 0 0.9250095888624917 0.8533279108805851 0.7196459753013758 0.5226589574120097 0.28022523753972206 0.07587547467452452 0.004249878619244826 -0.007702045814236235
111 1110 0 0 0 0.9284065618645624 0.8608806708904481 0.7343178222932203 0.5427324002847438 0.28665333378466784 0.07631260504303276 0.005008794882062418 -0.0126805479457088
112 1120 0 0 0 0.9290963547300307 0.8626975615368374 0.7367525818554393 0.5519270883782861 0.29937474058120467 0.0789616542293658 0.007014853149636555 -0.0026062458655802256
113 1130 0 0 0 0.9287401618556548 0.8667864345881972 0.7418822149840182 0.5595376674052528 0.30517330817415717 0.08335269536964239 0.007876955064966757 0.002120479582846351
114 1140 0 0 0 0.9269195877932486 0.8630296008281471 0.7432191743748086 0.5623520770029724 0.31224921732982364 0.09122612215607488 0.0010131969665704956 0.0028572460050915655
115 1150 0 0 0 0.9286608565563131 0.8646322031869528 0.7473278021509404 0.5590917198751674 0.30988148626269574 0.09292785786956181 0.0032062578020074103 0.0008952721845185909
116 1160 0 0 0 0.9305875246468122 0.8650570031544748 0.7472649013531621 0.5594921762720907 0.31133850745446895 0.09972437484423453 0.0025394810981291885 -0.00044211989238073955
117 1170 0 0 0 0.9346268255440282 0.871072967849041 0.7531126950924527 0.5649164602449597 0.32148066346217524 0.10873486471496593 0.003913318215737483 0.006916020264254304
118 1180 0 0 0 0.9364039993984813 0.8753297150539897 0.7584237054254699 0.5761932980234702 0.33474843794053427 0.10672628827764055 0.0019148078345876734 0.0033954794221238357
119 1190 0 0 0 0.9375509015535198 0.8796809384081458 0.7716856594522231 0.5953115936835811 0.35092637584558906 0.10830728942090051 0.002779407424214592 0.007917596087130559
120 1200 0 0 0 0.9373821830635021 0.8815149260270215 0.7779717943964232 0.5992518963679282 0.3616019191958981 0.11263032181089183 0.001787097541968551 0.010730872524093323
121 1210 0 0 0 0.942436833902648 0.8893045005897018 0.785881659439747 0.6158707120707211 0.3761419053018203 0.11885155335503221 0.0036396095646145893 0.005085943608317614
122 1220 0 0 0 0.9497685308346814 0.8955386433463182 0.7909830077012255 0.6236950304086736 0.38849714265234614 0.12952138349273 0.005749177380206965 0.00472600692774371
123 1230 0 0 0 0.9551077303007033 0.9008258454150707 0.7954106193076292 0.6297545849323615 0.39114031547921774 0.13402362114875427 0.003935101355920837 0.001310167859204747
124 1240 0 0 0 0.9503057886217168 0.8987660208935032 0.7952443872702437 0.6259395437461174 0.3905251568972959 0.13082289826190097 0.0029977652286683042 0.001988131137672271
125 1250 0 0 0 0.9476497289194837 0.8995256054754658 0.7993523242634579 0.6265219190509405 0.38139459340625437 0.12909464787817082 0.005395392435816498 0.0008415686621599102
126 1260 0 0 0 0.953729030717338 0.9087711917143437 0.8155791086282419 0.6534351191966149 0.4111579905270734 0.15055906851629594 0.007271556436863111 -0.00471491451498013
127 1270 0 0 0 0.9548449789288561 0.9083287510266255 0.8230275373277848 0.6639240741668389 0.42726516470772985 0.16619425302482477 0.012831333119462586 0.00037102699342662394
128 1280 0 0 0 0.9504790290842522 0.9017562904102887 0.8230388881616478 0.6708320609462114 0.4388159789792968 0.1812468319269063 0.01866632348637167 0.010722534592049252
129 1290 0 0 0 0.9571083124896332 0.9070676732756783 0.8218249655550613 0.6794119924627436 0.4601429779315105 0.19814504650530823 0.02676324707631232 -0.0029685906700256566
130 1300 0 0 0 0.9578168222006274 0.909803349272904 0.8253238693869324 0.6858058005263804 0.46081327530682364 0.1986993530313975 0.03589211312925333 0.00023104386189142173
131 1310 0 0 0 0.9622414581239707 0.9127261325910532 0.8384058957254272 0.6939535720736166 0.4672451714096458 0.21773124192807147 0.04455632107933645 -0.00845365812495771
132 1320 0 0 0 0.9643873819818326 0.9136869881293959 0.8550031023228783 0.7220010575653489 0.49257090558511984 0.23660429861660362 0.050176273024121455 -0.010535254015109671
133 1330 0 0 0 0.9598038755853509 0.9198377598818385 0.8453868436806742 0.7072276969062994 0.4868642041623475 0.23083585374959192 0.0248360827527161 0.002024564518121141
134 1340 0 0 0 0.9637768351397534 0.9193865417090576 0.8478724641326842 0.7237061634427079 0.5061749618550264 0.2384000095421675 0.02175147000178307 0.00063116988027347
135 1350 0 0 0 0.9648638258683581 0.920230407997174 0.8314428094267252 0.7074174734020868 0.48931880832367075 0.22677832352558053 0.017489187286911526 0.00187266532333255
136 1360 0 0 0 0.9627046344576875 0.9231008756112851 0.840048658223811 0.7032230585538267 0.4852306629383615 0.22564661089173405 0.01925071701157108 0.0008777655292865956
137 1370 0 0 0 0.956586550241107 0.9174921469137471 0.8365889578010745 0.7125618714924802 0.49569454706242766 0.2340012235860696 0.021423424012543064 -0.00088065076914384
138 1380 0 0 0 0.9535079960827351 0.9122205986628212 0.833786797925961 0.7085506548304569 0.483222147572386 0.2330123388487679 0.036752585794787594 -0.005271436242807766
139 1390 0 0 0 0.9630769334539504 0.920266315950974 0.8448651133778672 0.7086110673252877 0.4864531122116842 0.23604716286947452 0.043370963763054875 -0.0043024696445867145
140 1400 0 0 0 0.9667914202026777 0.9291958712505607 0.8553080159089654 0.7179938877516352 0.4980008261173717 0.24006800934531558 0.04544536269998581 -0.010859034850761529
141 1410 0 0 0 0.9704949351805131 0.9295934196022694 0.8611108752936794 0.7303144958630928 0.5122427359717623 0.2558248346729398 0.05939859544548042 -0.008173539222808156
142 1420 0 0 0 0.9665317400299326 0.9290094786167902 0.865652499788542 0.7342552641634699 0.5196651465354016 0.26129271185329567 0.061996524893728165 -0.012589628566681292
143 1430 0 0 0 0.9711606682714221 0.9327364361138734 0.863148393409229 0.734074273110423 0.5211548691204269 0.269310402012157 0.06513425716620178 -0.022382582807444262
144 1440 0 0 0 0.9713367956542918 0.929171483933022 0.8565553906211174 0.7360610610405134 0.5330165760409677 0.278228213312873 0.07211793135179116 -0.014646913878536784
145 1450 0 0 0 0.9640723431412722 0.9267829722355153 0.8504902677399575 0.7276345443648407 0.5252749891685767 0.27144220639267075 0.0809741877079652 -0.003912568779110807
146 1460 0 0 0 0.972500327547222 0.9340694027684843 0.8630494789824015 0.7439323939915078 0.5442379620050238 0.2861682739406383 0.08343018982838026 -0.004181292368814414
147 1470 0 0 0 0.9730592996700107 0.9285024952635887 0.8679999656101409 0.7433039206091858 0.550682609529637 0.2969914687649625 0.0902546810042156 0.0012389723837794827
148 1480 0 0 0 0.9778273567549867 0.935086068367187 0.8736098180137443 0.7494152573493449 0.5650258440168352 0.31337914615359347 0.10308059720714155 -0.0053167251931891596
149 1490 0 0 0 0.9859565163581475 0.945217365368362 0.8932042476922056 0.7721384979336139 0.5917921109798198 0.3390549118401794 0.11282906786577238 -0.0005171230895410399
150 1500 0 0 0 0.9805366319164548 0.9388288423284066 0.8887866314318398 0.7602611530865486 0.5749074322762786 0.342085148383977 0.12317780863612844 0.01026545849613265
151 1510 0 0 0 0.9750783343868757 0.936917555712914 0.8910872882865127 0.7636953484609055 0.5768975952462556 0.33719915377163506 0.13058746459820061 0.011341827581138036
152 1520 0 0 0 0.9704567607736361 0.9363377589324287 0.8850490244745592 0.7651934083899358 0.5815234106786791 0.34067423859605656 0.12266885699260309 0.017746120097945753
153 1530 0 0 0 0.9789106880828548 0.9427789455048442 0.8975957627207857 0.7877932669077861 0.6121878470486299 0.37921714484238 0.14850415546009482 0.033884171996618855
154 1540 0 0 0 0.97431251481048 0.9434535002922754 0.8977275239177507 0.7929666256104184 0.633575311297277 0.39147015026889465 0.15553411848170348 0.02812910802872378
155 1550 0 0 0 0.9738954974007361 0.9464053423951673 0.9011585376059968 0.7937963835869978 0.626632855852835 0.39406130576724424 0.15238443173282323 0.019703948791724532
156 1560 0 0 0 0.9820445573773343 0.9578352735846438 0.9140254654076461 0.8096375043643602 0.6294825773545973 0.39570088517614 0.1599406743658407 0.021183034760709367
157 1570 0 0 0 0.9768058359862198 0.9590366354695148 0.9137648912347617 0.8175955620041431 0.6469762267305886 0.42233088316561135 0.17662464777423922 0.029022735381856016
158 1580 0 0 0 0.9768694859374757 0.9516184140791851 0.9048178848472852 0.8072252381947739 0.6353134476478448 0.40807500933643504 0.1707652483228846 0.035202553630720265
159 1590 0 0 0 0.9763375249378169 0.9547079021480274 0.9056074355715797 0.8148125040207984 0.6516935775151339 0.43164803868661067 0.1877225448927155 0.04000648163186221
160 1600 0 0 0 0.9788182985126961 0.9586922887583477 0.9063254129369333 0.8129395168841752 0.6541706162528961 0.42813642474727764 0.19028406382862625 0.042924297494796204
161 1610 0 0 0 0.9742900095198802 0.9480904319514719 0.9022376393265001 0.8191815026776119 0.6601936534556957 0.42973362450668207 0.18842227772389603 0.03718730100189224
162 1620 0 0 0 0.9743476861381994 0.9491308362472581 0.9070463803460003 0.8249235417805408 0.6684398213543389 0.4297756942015228 0.18874153082529974 0.034859574547180285
163 1630 0 0 0 0.976187373660475 0.9558748401116542 0.9116614472658412 0.8266101060802481 0.674652764617744 0.44618903524464193 0.1996017448272994 0.04393596932538799
164 1640 0 0 0 0.9798735814590723 0.9555891593517531 0.9129626542378346 0.837725342878893 0.6889041732564846 0.4663910171065933 0.21791029194273057 0.047812931688500884
165 1650 0 0 0 0.9788149397873335 0.959987928913266 0.924769604936973 0.8485359289922911 0.6997377023296765 0.48330424064883265 0.22811065208657275 0.04762200270930845
166 1660 0 0 0 0.9774824545159162 0.962170551570371 0.926266373036813 0.857334915239529 0.7179106944087158 0.5085105557022978 0.24258215383854714 0.05630132654740178
167 1670 0 0 0 0.9780032341025784 0.9630665344455677 0.9262523318944563 0.8536999593388952 0.7122375818880262 0.5092526731941397 0.24873625675554875 0.0631074663502586
168 1680 0 0 0 0.973088809729883 0.9566092904518052 0.9216840121911111 0.8499005554697958 0.7090317513302313 0.5049196023277168 0.2512062616851069 0.06294081174796945
169 1690 0 0 0 0.9750869201375438 0.9573704739592829 0.9227869437796394 0.8554947654360952 0.7194870580548632 0.5184173259374855 0.2701218502301478 0.066953090235244
170 1700 0 0 0 0.9776950376237303 0.9613601504550976 0.9322616999729603 0.8652431932662625 0.739782757170534 0.545739805919447 0.29554886449340745 0.07102437339699808
171 1710 0 0 0 0.9748783747796291 0.9625228694470241 0.932907526230942 0.8686204235103442 0.7540816863866262 0.5611542067742248 0.3137649963856717 0.0830484252775248
172 1720 0 0 0 0.9769882937492895 0.962651330078584 0.9381655093413616 0.8806911291743866 0.7814417898042424 0.5984489852287733 0.3449657342215549 0.10598918517264222
173 1730 0 0 0 0.9748779241487936 0.9579520726926786 0.9350755504548203 0.8732618460835289 0.7668779249321396 0.5798903436209225 0.3285995695296419 0.10549872645682781
174 1740 0 0 0 0.9725260496969007 0.956135013432546 0.9402071552035998 0.8808561479265878 0.7723492617183606 0.5870736337868047 0.34548139499597436 0.1088530259610163
175 1750 0 0 0 0.9757168269036459 0.9572260802822221 0.9363038219844267 0.8721432529909794 0.7594307383302011 0.5693945399351635 0.3291213858289447 0.11203508691546764
176 1760 0 0 0 0.9801504386308743 0.9625136662807333 0.9389486245850563 0.8782048957831325 0.7691017003316646 0.5809004580570878 0.33660035815918804 0.11190494979776708
177 1770 0 0 0 0.9774766134835445 0.9565729739784049 0.9341875858797266 0.8750742243966252 0.7678667810311012 0.5829015314986269 0.35711130423856313 0.12259430698591463
178 1780 0 0 0 0.979445779738749 0.9624719302997881 0.9399631940792373 0.875854479234168 0.7757180125519008 0.6017252623685991 0.3634941486343706 0.1214516587254833
179 1790 0 0 0 0.9814388769852337 0.9667365436398192 0.9420516227136057 0.8829543438980731 0.7844201624875994 0.6167063743015259 0.37596567676772913 0.13343744150078238
180 1800 0 0 0 0.9800068092624781 0.9688932099751983 0.9442119848600589 0.8841368484822595 0.7896664664189591 0.6335415503935129 0.4010665869538583 0.1442335902805908
181 1810 0 0 0 0.9805565941307529 0.9675206070595561 0.9384304834074051 0.886966854442077 0.8010565300156156 0.646568142241077 0.40866931730688827 0.1544290590606016
182 1820 0 0 0 0.9817819396570989 0.9709319690856653 0.9468151164522893 0.8940024548929231 0.8065283012873677 0.6429815447460147 0.3991245837687373 0.153813417506346
183 1830 0 0 0 0.9786994573603635 0.96950360930167 0.9410388101092951 0.8858760701246692 0.8046788805236184 0.6493738140526729 0.41840452936758976 0.1717687141214633
184 1840 0 0 0 0.982917304602908 0.9730065707217945 0.9497089736058116 0.9024262126630227 0.822717087048965 0.661187148109284 0.4249870870512056 0.17104510790729172
185 1850 0 0 0 0.985724549616459 0.975061015230619 0.9564010297458457 0.905721791715168 0.8266058070470317 0.6726135399224936 0.4445725343684112 0.1849853591232426
186 1860 0 0 0 0.9895648988019463 0.9771943124223891 0.9596618658540018 0.9151472185744814 0.8403726530832771 0.6915114745847633 0.4719924205646088 0.20019258268640505
187 1870 0 0 0 0.9906976875136111 0.9837554593420395 0.9593854074865462 0.917228617615391 0.8431158861627432 0.6967366567349766 0.4856718812219907 0.21847420258041775
188 1880 0 0 0 0.9891570802157013 0.980290273523026 0.9536462025093534 0.911860275214275 0.8376913799779109 0.6872729156486965 0.46575654305350656 0.20757272832702886
189 1890 0 0 0 0.9867332390403828 0.977178785209604 0.9560343579221502 0.9193654613331086 0.8478658643158355 0.6977092176279254 0.4847860014452319 0.22243344636392098
190 1900 0 0 0 0.9939000396602895 0.9833430056669971 0.9598168710003935 0.9196809259258313 0.8495835613561565 0.7025612409083501 0.48007209117714333 0.2171865723870892
191 1910 0 0 0 0.9929143778234815 0.9820434349664448 0.9576882799722203 0.9183839740464333 0.8489578230360338 0.7008071911540998 0.48012950199600085 0.21649460632828668
192 1920 0 0 0 0.9963999878115221 0.9848249591577396 0.9646607217754714 0.9206860599805827 0.8475064555055399 0.6994633166644223 0.48754934793403143 0.22345019946687353
193 1930 0 0 0 1.0003596145337943 0.9870757712326206 0.9643390618578913 0.9193861373572129 0.8462886088388843 0.6990110374009807 0.491735410996225 0.23262780057567728
194 1940 0 0 0 1.0016741462332202 0.9905444056309436 0.9683917996743631 0.9237962258026988 0.8549922116118835 0.7156506187291001 0.5140284664659615 0.25169975475005835
195 1950 0 0 0 0.995080311746101 0.9851608775246173 0.9653851565951259 0.9214019581295018 0.8535501628317512 0.7191721536606108 0.5190511689482842 0.26324098488688125
196 1960 0 0 0 0.9919448503852422 0.9820279356514163 0.9589875357360345 0.9165603111668054 0.8485349313364572 0.7161708080572915 0.5090312757719523 0.2583819968190402
197 1970 0 0 0 0.9936206638665395 0.9869146566228681 0.9605121315745587 0.9226926443800788 0.8576787368619238 0.7338410077774357 0.5369955974095325 0.2899907172105949
198 1980 0 0 0 0.9916289772014414 0.9881716717294575 0.9631279070508737 0.9207945401821263 0.8549507951256564 0.7350933018659346 0.5368395469358717 0.29311142602460494
199 1990 0 0 0 0.9877276435956005 0.9871557071208541 0.9702800415669658 0.9301573294261374 0.8637896865875984 0.7522618637406941 0.5559903830493371 0.30992456150981795
200 2000 0 0 0 0.9890619490925393 0.9826873922288747 0.9675583364022982 0.9304491295564974 0.8667247724858069 0.7584093019127833 0.5665194754316941 0.32937517142746037
201 2010 0 0 0 0.9896497249882122 0.985153642412032 0.9713505087025873 0.938393408714697 0.875749667025722 0.7786368772386034 0.5943991313061026 0.3532061522849325
202 2020 0 0 0 0.9939360246625072 0.9860699388793062 0.9702023456482326 0.9418060848377421 0.8814178930057107 0.7944973584281881 0.6289323850236636 0.3899491409872361
203 2030 0 0 0 0.9913013339073452 0.9834678317994888 0.9639022548911997 0.9346787061852994 0.8735947689225741 0.782881026611912 0.6125724840072941 0.36737030732860987
204 2040 0 0 0 0.9939928190586984 0.98599027844351 0.9619979277171096 0.9392715799734895 0.8869674617018279 0.8043640652160763 0.648133927507881 0.40172431405694575
205 2050 0 0 0 0.9944095038663193 0.9795610410122862 0.96000398965933 0.9321177183813093 0.8850200680212822 0.7995696596159568 0.6374609744323542 0.3956139433623347
206 2060 0 0 0 0.9979732332032885 0.9856933013954896 0.9621462695970512 0.9378582472965613 0.8948747043512029 0.8106451744563824 0.6455762306023378 0.40357569013219036
207 2070 0 0 0 1.0007533556604822 0.9885429539964209 0.9710633519914595 0.9452106412015151 0.8996803688015508 0.8273928213297028 0.6707712438400274 0.4375275477565174
208 2080 0 0 0 0.9990285515606258 0.9900912637140896 0.9712821589886403 0.9409819629968532 0.8908643700408703 0.8155908667935299 0.651088670050863 0.4203891117317539
209 2090 0 0 0 0.9958803989069624 0.989540919715601 0.9698373164974868 0.9455406628696765 0.8941527681737881 0.8102155801181674 0.6461564948469152 0.41091591964426943
210 2100 0 0 0 0.997939336240042 0.9923777405363378 0.9754386451419815 0.9530942038291932 0.9007461066479147 0.8213234222259675 0.6617003429401275 0.4288898446166968
211 2110 0 0 0 0.9981715892824452 0.9911761277312772 0.9744014838931997 0.9499793206745405 0.8966814667639539 0.8124250078606978 0.6527332745549685 0.41975990673723296
212 2120 0 0 0 0.9938391901505752 0.9868063174297194 0.9742896155849354 0.9518500217161182 0.899000325475617 0.8151040539182179 0.6567566148926728 0.42701417344951675
213 2130 0 0 0 0.9936319429316938 0.9876905358396455 0.9727879863184004 0.9492359883072887 0.8929605283473769 0.8050726359768268 0.6484182092942654 0.4190276582842561
214 2140 0 0 0 0.9931022647019333 0.9871009065598487 0.9724492294614345 0.9511588068519616 0.89792793066854 0.81221838613076 0.6589805679765836 0.4347180964490275
215 2150 0 0 0 0.993546564509579 0.9869644383898175 0.9714511048998526 0.9485242943790596 0.9000699782572547 0.8198644575266855 0.6744291054570395 0.45198238488819303
216 2160 0 0 0 0.9916989331357681 0.9854553400792587 0.9722659852460657 0.9498793997766473 0.9036517682777517 0.8289192883440696 0.6859572826147112 0.46800574443230764
217 2170 0 0 0 0.9880680116495565 0.9839508549611353 0.970505618675933 0.9520063293818353 0.90712468500562 0.8318002749246217 0.6950739072356438 0.4784674596326936
218 2180 0 0 0 0.9902460392982835 0.9861828401515562 0.9722186851512793 0.9533730191793283 0.9085976934836816 0.8343624517163029 0.6973981603405389 0.4805971081470482
219 2190 0 0 0 0.9935895350414633 0.9883617565691132 0.9751486648168775 0.9542470669772835 0.9124074975598141 0.8362472088883756 0.6969060550988732 0.4812940266726099
220 2200 0 0 0 0.9934792712112451 0.9875561363813227 0.9764056445335172 0.9544474685361313 0.9145098437944039 0.8362538008652676 0.7009204136020875 0.4861564672390101
221 2210 0 0 0 0.9931313004436431 0.9865927766452862 0.9746646923719653 0.9540192014532476 0.9146451148325364 0.8391276403250901 0.7038353454257275 0.4936900908736211
222 2220 0 0 0 0.9938026506665699 0.9886313974770404 0.9774534379762015 0.9561095781347032 0.9162051199686629 0.8449601889111479 0.7163423556076133 0.5113162878989871
223 2230 0 0 0 0.9952405925241907 0.9885190993525967 0.9767833851643658 0.9579476427113001 0.9189805242529548 0.8471910073236593 0.7191193491058057 0.5145724318709174
224 2240 0 0 0 0.9946182804781072 0.9882315323121907 0.9762270496791857 0.9578600635819513 0.9198255698868378 0.849690887198015 0.720568954940734 0.517059135582816
225 2250 0 0 0 0.9944988973703287 0.9864334198871115 0.9766705511943807 0.9604547020521029 0.9239909573385024 0.85828682879529 0.7357891578001049 0.5421169685506091
226 2260 0 0 0 0.9955944621700163 0.9883423999056512 0.9781529362945723 0.9637939288320667 0.9285265747537499 0.8699715836987698 0.7512189424894654 0.5658853099500164
227 2270 0 0 0 0.9979775053737787 0.9882016496050549 0.9803609677203662 0.9668809332566369 0.9375715989376735 0.8781692417600736 0.7687383531455317 0.5914196127443716
228 2280 0 0 0 0.999094140444529 0.9892999882505968 0.9809397216437458 0.965777392212092 0.937574033135644 0.880970421493598 0.7822729273630485 0.6118292900833432
229 2290 0 0 0 1.0002959603825923 0.9933629240355708 0.9845453033623881 0.9723327350375846 0.9472951403455981 0.8928108256071124 0.7991854887730905 0.6345037015445789
230 2300 0 0 0 0.9961346313857332 0.9879681788695025 0.9813283026422425 0.9751924668072732 0.948862824558913 0.9025675057604249 0.8129520340319086 0.6575080934749852
231 2310 0 0 0 0.9972248237020245 0.9905181336137345 0.9828572006665008 0.9702948072405843 0.9396896467787257 0.8854388690988395 0.7837498332339361 0.6170661445612408
232 2320 0 0 0 1.0004453744153294 0.995501376201727 0.9871002933818448 0.9761543851109244 0.9530204926449533 0.9064753010739041 0.8193060329169055 0.6594394686499195
233 2330 0 0 0 1.0026451678934176 0.9968159342656351 0.989068818573619 0.972830496722601 0.9493805432267727 0.9022835942398083 0.8062872647220246 0.6399613086036188
234 2340 0 0 0 0.9984440252209943 0.9929398683051467 0.9901165920337675 0.9761109376495185 0.9524026662281183 0.9105372389696078 0.8234681072314571 0.6684977382626458
235 2350 0 0 0 0.9972487263123994 0.9929760503889328 0.9893409169670909 0.9777509313024998 0.954606231403919 0.9112107059542924 0.8262046951016497 0.67454921986588
236 2360 0 0 0 0.996520275514321 0.9934959352926661 0.9883352703268885 0.9788693294374837 0.954174681736492 0.9084443515222845 0.8245708881443913 0.6752690020345539
237 2370 0 0 0 0.9963770041060277 0.9941979243872854 0.9898826745774262 0.9792125620473925 0.9545740046707186 0.9055088399678454 0.8202191327477318 0.6692512096809035
238 2380 0 0 0 0.9963892190720551 0.9929227883418619 0.9897351481887603 0.9809984967062788 0.959672666152412 0.9165556656635458 0.8403776698891493 0.6954747289155404
239 2390 0 0 0 0.9955147099882176 0.9933571319791391 0.9897260168853844 0.977153045514371 0.955804711862749 0.9143313079004428 0.8334573862540564 0.6888493181549106
240 2400 0 0 0 0.9955934301227535 0.9924568244170373 0.990023692999672 0.978466152563766 0.9571514880284638 0.914819296124275 0.8361383712900673 0.6936562348933325
241 2410 0 0 0 0.9957888135468738 0.9929280753898726 0.9904973522420115 0.9778358938655572 0.9562482367608179 0.9143799906578747 0.8356025059658406 0.6962081615081395
242 2420 0 0 0 0.9966726151015698 0.9935818464118847 0.9892922469313769 0.978308722523519 0.9578782521242151 0.9155070560247591 0.8386718298398976 0.7021764785340311
243 2430 0 0 0 0.9983079536813283 0.9945808496507855 0.990773046609274 0.9810263290638039 0.9627229425067115 0.924317425910091 0.8549251327854746 0.7269931314579581
244 2440 0 0 0 0.9979894875101727 0.9946384509169368 0.989575102030133 0.9821670700416529 0.9659992977659114 0.9308758671546975 0.869969784924366 0.7492567378265034
245 2450 0 0 0 0.9982889000561854 0.99495848559931 0.9912490884007092 0.9833714524443613 0.9648229411059407 0.9314528402738602 0.870250127827183 0.748491593674627
246 2460 0 0 0 0.9984432609695609 0.9958163475280309 0.990392713420581 0.9819422730832157 0.9660154356991162 0.9330141350148491 0.8746809675934797 0.7562870699604259
247 2470 0 0 0 0.9983177136142647 0.9960597875340517 0.9908621321421722 0.9824591295739651 0.9669959758108753 0.9348783846807002 0.8779358917287811 0.7655580731175928
248 2480 0 0 0 0.9975652306834503 0.9956133914740152 0.9916955579324664 0.9845310661617441 0.9677638660613223 0.9385630258560805 0.8847317156394316 0.7766206121392566
249 2490 0 0 0 0.999489548897768 0.9979463834364835 0.992500080876637 0.9859659086510292 0.97022519998424 0.942265808616071 0.8941982239379699 0.794590021975379
250 2500 0 0 0 0.9981693758265715 0.9974153539934838 0.9923898153844241 0.9861381757846435 0.970917099962417 0.9425310115250769 0.8941555400488103 0.7942539897604151
251 2510 0 0 0 0.9985952109868688 0.9977577903839767 0.9926630691664203 0.9860541993557347 0.9713146775460528 0.9441693091389008 0.896162950290554 0.799534605302446
252 2520 0 0 0 0.9987710031610536 0.9975150545300472 0.991733530742778 0.9843632294714868 0.9691817657994363 0.9413045076372066 0.88823597315564 0.7855018777994489
253 2530 0 0 0 0.9976390087215041 0.9964354226997603 0.9927810134225661 0.9866973332144233 0.9690971038515163 0.9415164614933728 0.8896159644444598 0.7869471479087619
254 2540 0 0 0 0.9970224745490583 0.9959825130706292 0.991509928577311 0.9846541706623735 0.967384825130721 0.9392535512589869 0.8856859269507156 0.780979025572976
255 2550 0 0 0 0.9970561641661274 0.9950390191155184 0.990940441087908 0.9829041975259676 0.9666998842634783 0.9379204358340738 0.8803510030590881 0.771535266842987
256 2560 0 0 0 0.9962048458936308 0.9944710477637 0.9909758099458577 0.9836848119187411 0.9676200638631556 0.9386254391913633 0.8812229035227438 0.7732980889783301
257 2570 0 0 0 0.9971308574125984 0.9958140929255834 0.9921429379131043 0.9860200670753746 0.971358826931363 0.944604720801294 0.8926030240395261 0.7925341812101002
258 2580 0 0 0 0.9966266643742419 0.9952766160310158 0.9923016290126381 0.985644199972302 0.9717063613999244 0.9472982067420707 0.8974237361920664 0.8024728023130574
259 2590 0 0 0 0.9972057222890576 0.9962611095465557 0.9929331935045653 0.9871014340245098 0.9740947239348969 0.9513097584686708 0.9047512392957412 0.815344075614945
260 2600 0 0 0 0.9976239897470631 0.9965540254414681 0.9938342665971166 0.9879348460150571 0.9767218168998372 0.9542796167905269 0.9114808786369123 0.8281774413526418
261 2610 0 0 0 0.9987412316609233 0.9971415751046725 0.9949976850807418 0.9889977552014421 0.9785936257498433 0.9569199327024911 0.9161115889253292 0.8357630601365692
262 2620 0 0 0 1.0000492895343642 0.9985528237616337 0.9957859274097297 0.9900663301529806 0.9816174642497241 0.96331073353922 0.9298361878152809 0.8604779838444866
263 2630 0 0 0 1.0008472144034897 0.9995017083677521 0.9958762505983874 0.9897245119860478 0.9816900656196039 0.9634053172511361 0.9301114339072364 0.8623306143056776
264 2640 0 0 0 1.0000140914661735 0.9980811076260648 0.9957089784518777 0.9913492553224545 0.981971627341917 0.9627019773726171 0.9290572606904239 0.8593528753031642
265 2650 0 0 0 0.9998913382239705 0.9995863909214898 0.9963823946521623 0.9914387369516429 0.9828929175892782 0.9646537411926032 0.9334927260313173 0.8673620562659008
266 2660 0 0 0 0.9991668234778023 0.9981363533414596 0.995111124613386 0.9906866146266385 0.9801580178277665 0.961867954500939 0.9282253617798347 0.8585942762628921
267 2670 0 0 0 1.0007040911466296 0.9997060792664708 0.9969155301089853 0.9920090257112407 0.9827154167266683 0.9657992540663679 0.9367829304795133 0.875063480955545
268 2680 0 0 0 1.000560454380614 0.9995872068609823 0.9969351716816126 0.9925685612678619 0.9839310083581226 0.9690081870003833 0.9425951638709621 0.886506922605475
269 2690 0 0 0 1.0003846921073911 0.9992333044022255 0.9968468080373077 0.9931461835306971 0.9848408348741128 0.9710174985932729 0.9449757525330453 0.8902398734286481
270 2700 0 0 0 0.9997775002976456 0.9989034769376873 0.9965053787178112 0.9919400218260231 0.9839447236822978 0.9692317266004078 0.9411699846520627 0.8840155440235999
271 2710 0 0 0 1.0005787314552195 0.999390384702143 0.9966199667723271 0.9922229137103207 0.9854758336847786 0.9705902584555915 0.9429211115620282 0.8872047296760869
272 2720 0 0 0 1.0007715568821616 0.9994345613752358 0.998040093802102 0.9933543467805132 0.9870042329099125 0.9734221846472357 0.948534609066115 0.8978610866640878
273 2730 0 0 0 1.0012863360872923 0.9999320852911189 0.99817507983011 0.9942620798181201 0.9892557194628897 0.9787435099133552 0.9577676433398499 0.9152172889724796
274 2740 0 0 0 1.0002983665336447 0.9990268959225738 0.9974682682003502 0.994201496740007 0.9874259756315569 0.9750043998625705 0.9517322574255159 0.9049559154689665
275 2750 0 0 0 1.000589591836231 0.9995838851594467 0.9980954119282685 0.9948652278649174 0.9892788981539682 0.9792173734430684 0.9602506798856599 0.9207143043135888
276 2760 0 0 0 1.000986195614557 0.999711226419899 0.9981403007386872 0.9960362045036748 0.991074178392774 0.9821462538720409 0.9646372559928312 0.9289757857509904
277 2770 0 0 0 1.0000619064209018 0.9986445593706919 0.9973313148620877 0.9945827348703208 0.9879851405832959 0.9789297222387874 0.9590116880281646 0.919146698765031
278 2780 0 0 0 1.0003871197525516 0.9991176189107462 0.997159477218853 0.9952284424830177 0.9900825824523151 0.9828464754955795 0.9665267991939637 0.933185296424513
279 2790 0 0 0 1.0006521847105534 0.9993226630521362 0.997362868164087 0.9961035124235199 0.9913993320639117 0.9847679309987829 0.9703450201186913 0.9414187416395777
280 2800 0 0 0 1.0007729697041328 0.9990556713525321 0.9978678593090986 0.9965410075998073 0.9924523524832674 0.985920970982572 0.9720943502420648 0.9441765950637736
281 2810 0 0 0 1.0005276961012366 0.9989510766388665 0.9979006724520396 0.9964831779809848 0.9936017091791329 0.9872163967280341 0.9742400606143518 0.9475052536876057
282 2820 0 0 0 1.0004755750236687 0.9988259092531283 0.99801985168569 0.9964878847925139 0.9938946285081309 0.9893641339022909 0.9780773981247696 0.9555382609081938
283 2830 0 0 0 1.000184702434799 0.9991743504141755 0.9982724474693542 0.9971546266663591 0.9943582083795499 0.9896224980240049 0.9788029663164334 0.956619521285283
284 2840 0 0 0 1.0002279625036317 0.9991704208175467 0.9980716329631034 0.9972653276107981 0.9946594266629679 0.9906980222849803 0.9802066982091646 0.9605648962570105
285 2850 0 0 0 0.9999218155110897 0.9991857403359768 0.9977416521289432 0.9968216462994826 0.9935653017541806 0.9887307963577495 0.9768046659129461 0.9548103535237925
286 2860 0 0 0 1.00040482041937 0.9991374360806831 0.9984543777776314 0.9975039736239234 0.9949175340567448 0.99052334477257 0.9804400323105802 0.9626335221035346
287 2870 0 0 0 0.9998457487333107 0.998693486038094 0.9983754741144836 0.9971267152303648 0.9944605832074588 0.9891032011555981 0.9775346446784818 0.9564968209669803
288 2880 0 0 0 0.9996232051301938 0.998977639278751 0.9982547249094974 0.9970027415956539 0.9948205903203193 0.9899216673465735 0.979218785749795 0.9597685289212177
289 2890 0 0 0 1.000228414224029 0.9992721960520072 0.9985003821794363 0.9977915217480712 0.9961174537347719 0.9924465079356619 0.9840346227367031 0.9674498267951958
290 2900 0 0 0 1.0002050347155302 0.9996070310304144 0.9987482315207028 0.998271003088979 0.9963097017338793 0.9930930464074614 0.9857744449628729 0.9711373460301573
291 2910 0 0 0 0.9996504487457176 0.9992682773587672 0.9987990668733914 0.9985154584596276 0.9970268612823432 0.9948927311773043 0.9892944509206851 0.9778415420861538
292 2920 0 0 0 0.9995577549933566 0.9992910720305824 0.999194799893731 0.9990774634867068 0.9982030872551306 0.9970187302609337 0.9938793654699685 0.9867903725759771
293 2930 0 0 0 0.9996530164870083 0.999450053736191 0.9991804115862577 0.9982635428354995 0.9974258341281964 0.9944902287347595 0.989373456235747 0.9787559648209168
294 2940 0 0 0 0.9996471824281559 0.9993450528816601 0.9996758120640038 0.9990029185861157 0.9980898942992223 0.9949775924017231 0.9900049588610248 0.9800445867522192
295 2950 0 0 0 0.9998829711795573 0.9996549477539147 0.9998805065481959 0.9991704922684941 0.9981057454589232 0.9955917751928332 0.9911839747263537 0.9830292128042388
296 2960 0 0 0 0.9999601426017483 0.9999237901044515 1.0003622263297158 1.0000411061731036 0.9996936085587271 0.9995068142039077 0.9990346018643651 0.9982602190330997
297 2970 0 0 0 0.9998636529929452 0.9998419538084383 0.9997533628795179 0.9997335450473285 0.9999802255406713 0.9991095833140978 0.9989017705587501 0.9977511131829389
298 2980 0 0 0 0.9998138112464922 0.9998386233568634 0.9995789501298679 0.9998947853684751 0.9999457583812605 0.9997048873076666 0.999878909622953 0.999838533840558
299 2990 0 0 0 1.0000489194789512 1.0001191764684685 1.0001707816346894 1.0005290557769608 1.0009180694035371 1.0016834852071104 1.0039626225914742 1.0082535319516768
300 3000 0 0 0 1.000241676445558 1.0002781465616177 1.0003797861838049 1.0008993253957523 1.0010655761485936 1.002038139637077 1.004818940218344 1.009882339420747
301 3010 0 0 0 1.0001985077607731 0.9999065877808986 1.0001182030349496 1.0007517393160983 1.0005419684327013 1.001102113602508 1.0028415595105504 1.0055726785859525
302 3020 0 0 0 1.0003158465470765 1.0000002898694496 1.0001642401492599 1.0007241113062764 1.00092721574627 1.0018047137418558 1.0039913694867784 1.0078588917048477
303 3030 0 0 0 1.0003187696268352 0.9999522547318598 1.0000267967297227 1.0003437385332359 1.0006634805765124 1.0016091515425667 1.0036327181230438 1.0077006665219266
304 3040 0 0 0 1.000410208561443 1.000017275241141 0.9999887473619837 1.0004785744180953 1.0006646524033236 1.0014478498612378 1.0036729653930656 1.0080785595857658
305 3050 0 0 0 1.0004045272179993 0.9999902143918832 1.0000065310524306 1.0004136415829468 1.0007889744051488 1.0016036426721466 1.0040073621877617 1.0084142216168648
306 3060 0 0 0 1.0003641552690288 1.0000038333960561 0.9998654170883264 1.000146926218001 0.9999910145820783 1.0003014575679203 1.0012948961069132 1.003067217151026
307 3070 0 0 0 1.0003569252651598 0.9999827898746017 0.9998960622510361 1.0002493011794706 1.0000514151927207 1.000430625104669 1.0012500012173289 1.0028247214532857
308 3080 0 0 0 1.0003443863938255 1.0000206315570728 0.9998738155634046 0.9999447294319137 0.9995808435437152 0.9994830505587428 0.9995612574221118 0.9993648158026701
309 3090 0 0 0 1.0003434660086943 1.0000444681254923 0.9998007441262391 0.9999088057931663 0.9997260638054944 0.9998458077671676 1.0001863248191851 1.0004936768167163
310 3100 0 0 0 1.0002558105496795 0.999983906530405 0.9999257522626258 1.0001176330121284 1.000224913772138 1.0007165431307739 1.0016399043449018 1.0030556702557345
311 3110 0 0 0 1.0001955549699497 0.9999551989622562 0.9998074503032873 0.9998967355015398 0.9996888450944038 0.9993874111646138 0.9991383130185345 0.9980612823142996
312 3120 0 0 0 1.0002286492846681 1.0000976570046114 0.9999235173254075 1.000020181408764 0.999907455735054 1.0000297470042276 1.0004052831662706 1.0007405126293794
313 3130 0 0 0 1.0001257478653116 1.0000269864765308 0.9998948383977606 0.9999439864879062 0.9997204427543745 0.9997206654516677 0.9997022847867565 0.999247723067078
314 3140 0 0 0 0.9998623895566138 0.9999044495009665 0.9999196608935469 0.9999311612995301 0.9997171554681338 0.9995871260901523 0.9993775418476445 0.9985110127170022
315 3150 0 0 0 0.9999287134392587 0.9999281334316215 1.0000122913705505 0.9999839962309842 1.0002084584710367 1.0004344586961589 1.0009096193820934 1.001575612907021
316 3160 0 0 0 0.9999302376932714 0.9998746569514244 0.9998142196806781 0.9998436181176538 0.9998423872457396 0.9998336174298307 0.9995223206655725 0.9990297741127093
317 3170 0 0 0 0.9999028013473277 0.9999717773483612 0.9998389850930478 0.9998914852781972 0.9999365154537708 0.9996778167710011 0.9992511203187235 0.9984571424332717
318 3180 0 0 0 0.9998951096818897 0.9999458469584289 0.9999303959353465 0.9998626113628997 0.9999056893730811 0.9996886869394461 0.9993426366198002 0.9986446787006139
319 3190 0 0 0 0.9999935295208731 1.0000799897441492 1.0001696646235043 1.0002673684440941 1.0004369397734036 1.0008630413895399 1.001644658883817 1.0033049510134717
320 3200 0 0 0 1.0000721443860983 1.0000876587248932 1.0000521723996405 1.000127826520977 1.0001984754635487 1.0004214292326141 1.000792909730542 1.001792702507834
321 3210 0 0 0 1.000078678117061 1.0001159768375891 1.0000925267889909 1.0001438666816742 1.0002169062263924 1.00054697536319 1.0009133403795871 1.001934524949513
322 3220 0 0 0 1.0000543378805047 1.000107575071152 1.0001207042290947 1.0002136024564867 1.0002214348246852 1.000503950006512 1.0008568011885686 1.001665801107025
323 3230 0 0 0 0.9999497787211794 0.9999564595556384 1.0000542229429532 1.0001144771224215 1.0001070353421586 1.0003223944872495 1.0004328525553283 1.0009138521806646
324 3240 0 0 0 0.9999651649495324 0.9999797594319212 0.9999934369344108 0.9998657655480124 0.9997846845385481 0.9996843352376931 0.9992890610823445 0.9986935531764456
325 3250 0 0 0 0.9999915211323906 0.999987233220791 0.999986184664878 0.9999382515246604 0.9998527897072322 0.9998635385021325 0.9995713146274944 0.999089616418574
326 3260 0 0 0 0.9999677898820486 1.000000040959085 0.99997252474032 0.9999591570285046 1.0000298691966214 1.0001675620167092 1.000201738266642 1.0003474078195707
327 3270 0 0 0 0.9999820264160144 1.0000367499794196 1.0000100352534564 1.000015137086562 1.000162881986746 1.0003469151380613 1.0005709507366958 1.0010918049443513
328 3280 0 0 0 0.9999907388853784 1.0000506350906748 1.0000824729491886 1.000049291737605 1.0002403828933155 1.0004843673229467 1.000897577861689 1.0018225728769272
329 3290 0 0 0 0.9999863651413681 1.0000235212905906 1.0000151544483258 0.9999839305666108 1.0000538937352093 1.000133512901046 1.000238562818183 1.0005391639206385
330 3300 0 0 0 1.0000350774585354 1.0000732390018163 1.0000459779945983 1.0000512101981969 1.0001163153187138 1.0002513464600828 1.0004467792414875 1.0009302889470684
331 3310 0 0 0 1.000016164033559 1.0000420677905049 1.0000289892124015 1.0000109612598962 0.9999975550070328 0.9999847501270133 0.9999086400454757 0.999828615754684
332 3320 0 0 0 1.0000248806706915 1.0000128609416195 1.0000063844096723 0.9999851378376545 0.9999774366616342 0.9999601535524955 0.9998950488482441 0.9998295905783176
333 3330 0 0 0 1.000021191103954 0.9999932040480057 1.000031734861302 1.0000474765309717 1.0000846350676664 1.0001518305255195 1.000268484475783 1.0006185729379138
334 3340 0 0 0 1.0000354006872012 1.0000087178552048 1.000069727620519 1.0000622692632573 1.0001264028378607 1.000232772080221 1.0003571949145393 1.0008131071495112
335 3350 0 0 0 1.0000385477103046 0.9999815598302214 1.0000486493683045 1.0000399548455499 1.0000221275160763 1.0000704187028875 1.0000552266740759 1.0002026979488798
336 3360 0 0 0 1.0000182754615128 1.0000052256884346 1.0000383475783268 1.0000304637277828 1.0000823990026377 1.0002001306762487 1.0002685682582069 1.0005739065542525
337 3370 0 0 0 1.0000361130753896 1.0000373080284648 1.0000666647133998 1.0000358827321019 1.0000442872609063 1.0001003870834957 1.000069009791094 1.000164247674781
338 3380 0 0 0 1.0000147642141257 1.00001426598656 1.0000353423820016 0.9999869322166118 0.9999784633123264 0.9999919013196058 0.9998598676349297 0.9997199632123176
339 3390 0 0 0 0.9999992673428958 1.000009668539362 1.0000319835596314 0.9999674829099087 0.9999300272611523 0.9999012966120482 0.9997115602705623 0.9994186290936681
340 3400 0 0 0 1.000004332665365 1.0000000996235168 1.0000336700059276 1.0000025126560899 0.9999824569068364 1.000002121816563 0.9999129985107303 0.9998731127905247
341 3410 0 0 0 1.0000101160710917 0.9999992881521934 1.0000141434939318 0.999978570469516 0.9999401102995427 0.9999490807806665 0.9998541457623207 0.9997248929975789
342 3420 0 0 0 1.0000077404492926 0.9999868777516027 1.0000139421534857 0.9999621018332909 0.9999387145599418 0.9999371482254384 0.9998608039479896 0.9997240834229002
343 3430 0 0 0 0.9999991712434384 0.9999742068851484 0.9999926859590272 0.9999636586385557 0.9999754432412284 0.9999744177048565 0.9999321984998735 0.9998788266898018
344 3440 0 0 0 0.9999866412708475 0.9999827888847665 0.9999761023684282 0.9999600486830273 0.9999660163988228 0.9999399412904495 0.9998943295140883 0.9997985564145899
345 3450 0 0 0 1.000003858554637 1.0000029044989414 0.9999864950659175 0.9999693360639691 0.9999482796824536 0.9998919704516325 0.9998009476841386 0.9995871235600567
346 3460 0 0 0 0.9999879323368757 0.9999823066152309 0.9999889380247634 0.9999808058040351 0.9999492759628206 0.9998806230943639 0.9997567336332516 0.9995090691289311
347 3470 0 0 0 0.999985554177455 0.9999845250091012 0.999988659780807 0.9999599282916928 0.9999266052267249 0.9998696729499773 0.999741860406728 0.9994548134088528
348 3480 0 0 0 0.9999983473663961 1.0000094435376772 1.0000182869378462 1.0000110571222642 0.9999913157747187 0.99994987908144 0.9999053356774686 0.9997810079637719
349 3490 0 0 0 0.9999954809947547 0.9999981463007249 1.0000019398003217 1.000013980271469 1.0000412425109972 1.0000635427895945 1.0001130527395174 1.0001861405547172
350 3500 0 0 0 0.9999932944421902 0.9999984077131199 0.9999969325800465 1.0000038389311698 1.0000266155454707 1.000024323084428 1.0000414405173839 1.0000781044480442
351 3510 0 0 0 0.9999977543066123 1.000000665256133 1.0000065527575244 1.0000152832319489 1.0000473429796095 1.0000805798985821 1.000137731052276 1.0002661625432685
352 3520 0 0 0 0.9999972822941201 1.0000050705729666 1.0000071605089706 1.0000109460212487 1.0000417616356874 1.0000936775371956 1.000162371971176 1.0002989589110778
353 3530 0 0 0 1.0000003937359676 1.0000040366416811 1.0000008768050166 1.0000064739932832 1.0000229492199944 1.0000441768845836 1.000061814505879 1.0001051704136956
354 3540 0 0 0 0.9999944987403759 0.9999995064180632 0.9999869872080873 0.999988729413771 0.9999874278111659 0.9999800802316405 0.9999484446500126 0.9998889116343614
355 3550 0 0 0 0.9999979188362915 1.0000014638726218 0.9999955835348816 1.0000002046397805 1.000018376299813 1.0000478570973672 1.0000935048636872 1.0001881191255304
356 3560 0 0 0 0.9999976648986085 1.0000055216563797 0.9999991647193439 0.999998862242564 1.0000026885659863 0.9999922283426786 0.9999820624947645 0.9999647322627201
357 3570 0 0 0 1.0000008186638485 1.0000043827882716 1.0000037748902244 0.9999982629748443 1.000005871525007 1.0000103188038079 1.0000313166606924 1.0000762251009303
358 3580 0 0 0 0.9999977387811074 1.0000017222974382 1.0000009600373696 1.0000019139459773 1.0000005616876926 1.000002501780975 1.000016803110176 1.0000387304371374
359 3590 0 0 0 1.0000007365947106 1.0000024583714318 0.9999986043033267 0.9999938657318777 0.9999819611342884 0.9999624655704968 0.9999237873009563 0.9998556653879799
360 3600 0 0 0 1.0000007891746017 1.0000010141454414 0.9999964397632557 0.9999959882622645 0.9999951945681639 0.9999927898589861 0.9999930536217841 0.9999956420403106
361 3610 0 0 0 1.0000076001620744 1.0000009810818848 0.9999978597922881 0.9999937084689164 0.9999912717193798 0.9999902092957577 0.9999856034771959 0.9999678330843422
362 3620 0 0 0 1.0000075817390546 1.0000041639064994 1.0000031820557886 1.0000021716758394 1.000002814545084 1.00002540228231 1.0000500926346159 1.000100199413186
363 3630 0 0 0 1.0000071229384189 1.0000053048244175 1.0000029220239366 1.0000044910555785 1.0000027573381716 1.0000210216152374 1.000047453599069 1.0000983167082722
364 3640 0 0 0 1.000009423916838 1.0000068617948699 1.000002138493396 0.9999994355995494 0.9999973208119362 0.9999993211373482 0.999994058453436 0.9999910553751175
365 3650 0 0 0 1.0000066701737482 1.0000024306709037 1.0000001927541382 0.9999962877477729 0.9999951305809215 0.9999913597845035 0.9999768881120427 0.9999581225742441
366 3660 0 0 0 1.0000064983262003 1.000002934046853 0.9999988384482243 0.9999963577758708 0.9999975388734534 1.0000025809318125 1.0000003790321959 1.000003076556979
367 3670 0 0 0 1.0000065703860201 1.0000035137271133 1.0000032764142979 1.0000030895177672 1.0000103773091156 1.0000275984327855 1.0000502257738673 1.0000992514606757
368 3680 0 0 0 1.0000044329153557 1.0000040097494756 1.0000027247859802 1.0000010567242053 1.0000028237441758 1.0000078274241297 1.0000140150450376 1.0000225168959143
369 3690 0 0 0 1.0000051514890524 1.0000022928763395 1.0000032836384918 1.000001576242097 1.00000353404605 1.0000126185230598 1.0000225818047288 1.0000399447071953
370 3700 0 0 0 1.000004985415481 1.0000024242803407 1.000002259015738 1.0000011127051647 0.9999999146652924 1.0000068453715512 1.0000141541893635 1.0000296807156048
371 3710 0 0 0 1.0000030231948875 1.0000022205411099 1.0000012676167418 1.000002149816091 1.000001314910649 1.0000106592091254 1.0000269576970608 1.0000563703622147
372 3720 0 0 0 1.000002175377623 1.0000019985250104 1.0000023349850597 1.0000039047798364 1.000005586847816 1.0000174663742518 1.0000389311342477 1.0000769053589065
373 3730 0 0 0 1.0000018580432004 1.0000027800210334 1.0000021788032112 1.000003716761103 1.0000049932811619 1.0000103271333112 1.0000218503185436 1.0000422130712237
374 3740 0 0 0 1.0000014315534267 1.0000021714603506 1.0000013816638293 1.000002807134023 1.0000058800760072 1.0000143307260156 1.0000303629969682 1.0000588944737907
375 3750 0 0 0 1.0000018131770927 1.0000022392276553 1.000001077580355 1.00000006143592 1.000000979641299 1.0000033480219248 1.0000088295526086 1.0000171838084173
376 3760 0 0 0 1.0000003369117174 1.0000007755855884 1.0000012911198823 0.9999994511957048 1.00000187215176 1.0000033185133832 1.0000087657820558 1.0000189797599932
377 3770 0 0 0 1.0000010600900946 1.0000005094808437 1.0000010860579311 1.0000019906776367 1.0000055716127472 1.0000121350917792 1.000025170375041 1.0000529226216432
378 3780 0 0 0 1.0000009236391023 1.0000004533459126 1.0000011518726768 1.0000011695312077 1.00000475227292 1.0000081185589338 1.000017038574879 1.000034735559567
379 3790 0 0 0 1.0000010847572136 1.000000742645501 1.0000015177454762 1.0000017316993546 1.0000048389045115 1.000008192457293 1.0000163977486207 1.0000336325113808
380 3800 0 0 0 1.000000788176788 0.9999997050735191 1.000000448645392 0.9999993519677147 1.0000000588380293 0.9999984789893365 0.9999969270493093 0.9999958714971212
381 3810 0 0 0 1.0000002841486315 0.9999988385941565 0.9999999502715246 0.999999062841771 0.9999989173884367 0.9999975132963321 0.9999958903185565 0.9999928166088056
382 3820 0 0 0 1.0000003161412332 0.9999997644943177 1.0000008630927224 1.000000746946019 1.0000019478097457 1.000001898088809 1.0000045197100567 1.0000095935705966
383 3830 0 0 0 0.9999997874624126 0.9999999266805113 1.0000005643932723 1.0000011704223315 1.000002493355366 1.0000035006033545 1.0000076296632014 1.0000159012057372
384 3840 0 0 0 0.9999997052837973 0.9999994839600793 1.0000002421582097 1.0000009898944762 1.0000020235073994 1.000002971628258 1.0000058855719263 1.0000130244509908
385 3850 0 0 0 0.9999999883431487 0.9999998833741761 1.0000000491724315 0.9999999546425659 1.0000008260055444 1.0000003413844454 1.0000011217972808 1.0000025325940445
386 3860 0 0 0 1.0000001702978152 1.000000040144968 0.9999999179248972 1.0000001711799276 1.000001032861294 1.0000021430230852 1.0000047652987976 1.0000097930522942
387 3870 0 0 0 1.0000001343745606 0.9999996511479461 0.9999996839720772 0.9999997587804339 0.9999997229107934 1.0000002640674823 1.0000007337479568 1.0000022611516397
388 3880 0 0 0 1.0000003315779353 1.0000001721129392 1.0000001706243309 0.9999999993236264 1.0000003503736778 1.0000006362994938 1.0000010397491792 1.0000026137463152
389 3890 0 0 0 1.0000002029378872 0.999999823505324 0.9999999495491866 0.999999976478686 0.9999997303097765 0.9999993820050077 0.9999986994490494 0.9999977093340262
390 3900 0 0 0 0.9999998871150082 0.9999997124016828 0.9999998295696346 1.0000000993671858 0.9999998853336225 0.9999994956047508 0.999999005240823 0.9999986279951125
391 3910 0 0 0 0.9999999979433227 0.9999998611615748 0.9999997242174283 0.9999997268324006 0.9999998954162417 0.999999514120658 0.9999991918202032 0.9999982795635873
392 3920 0 0 0 1.0000001665398843 1.0000000424610156 0.9999997560153354 0.9999997442419066 1.000000122975493 1.0000005797348146 1.0000013401443695 1.000002315459075
393 3930 0 0 0 1.0000000331774967 1.0000000509350415 0.9999998151260199 0.9999997891915279 1.0000001758333414 1.0000004130352342 1.0000009000563619 1.0000017030646902
394 3940 0 0 0 1.0000000345137041 0.9999998729007257 0.9999999573255461 0.9999999623196545 1.0000002683456573 1.0000008374782694 1.0000019419942927 1.000004020955475
395 3950 0 0 0 0.9999999093231963 0.999999923831289 0.999999917859253 1.0000001520083914 1.0000005570261397 1.000001117179989 1.0000023806991711 1.0000047950256692
396 3960 0 0 0 0.9999999716381642 0.9999999106525881 1.0000000233499708 1.000000007403212 1.000000328364097 1.0000006484432271 1.00000127119123 1.0000025134708443
397 3970 0 0 0 0.9999999356203109 0.9999999308010292 1.000000085485756 0.9999999818380291 1.0000001323499101 1.0000002623835578 1.0000004708368868 1.0000010015833498
398 3980 0 0 0 1.000000019492011 0.9999999704028144 1.0000000799811781 1.0000000602006673 1.0000001178398485 1.0000003814153717 1.0000005500866784 1.000001013606639
399 3990 0 0 0 0.9999999797200868 1.0000000656373405 1.000000045292007 1.0000000982742274 1.000000259338455 1.0000005064150557 1.0000008178159774 1.0000016317835438
400 4000 0 0 0 0.9999999194803002 1.0000000285785406 1.0000000106540137 1.0000001290988885 1.0000002832848691 1.000000660230162 1.000001226663566 1.0000024365607627
401 4010 0 0 0 0.9999999624205431 1.0000000600454175 0.9999999983448247 1.00000008972425 1.0000001364304514 1.0000002770977172 1.000000464024653 1.000001036299871
402 4020 0 0 0 0.9999999733904621 0.9999999875088759 0.9999999475115334 0.9999999640656191 1.000000004864273 1.0000000536438456 1.0000000850585764 1.0000002738705471
403 4030 0 0 0 0.9999999571253388 0.9999999882108537 0.9999999374290774 0.9999999954872958 1.0000000572491534 1.0000001702429053 1.0000003441342598 1.000000738055348
404 4040 0 0 0 0.9999999560374097 0.9999999927600657 1.0000000371192088 1.0000000774778277 1.000000249428496 1.000000501058756 1.0000009704728257 1.00000190342386
405 4050 0 0 0 0.9999999968904215 0.9999999946691372 1.0000000100936564 1.0000000062272858 1.0000000658879606 1.0000001314288556 1.0000001781033574 1.000000340535241
406 4060 0 0 0 1.0000000018244284 0.9999999795844035 0.9999999975497711 0.9999999606100152 0.9999999924995809 0.9999999882001711 0.9999998410392436 0.9999996339252141
407 4070 0 0 0 0.9999999858349229 0.9999999886378365 0.9999999782914754 0.999999956724045 0.9999999689997442 0.9999999035255259 0.9999996924011931 0.9999993413547273
408 4080 0 0 0 0.9999999857288566 1.0000000229642507 1.0000000143039196 0.9999999835221061 0.9999999741248906 0.9999999663880901 0.9999998681419161 0.9999997210021225
409 4090 0 0 0 0.9999999847604298 0.9999999986748521 1.0000000169552903 0.9999999713785692 0.9999998949657358 0.9999997742665132 0.999999475268133 0.9999989503937995
410 4100 0 0 0 0.9999999844403781 0.9999999914198923 1.0000000024885953 0.9999999642437088 0.9999999057338902 0.999999767515818 0.9999994860325878 0.999998941372077
411 4110 0 0 0 0.9999999792800431 0.9999999907844859 0.9999999976599094 0.9999999936582226 0.9999999701893285 0.9999999190206228 0.9999998290762312 0.9999996227576327
412 4120 0 0 0 0.999999990566661 0.9999999916648958 1.0000000031738405 0.999999985781571 0.9999999693560032 0.9999999286694838 0.999999849471478 0.9999996559645131
413 4130 0 0 0 0.9999999869729268 0.9999999865565237 0.9999999914688377 0.9999999658861112 0.9999999416115881 0.9999998933667379 0.9999998031816193 0.9999996019254669
414 4140 0 0 0 0.9999999949820644 0.9999999930269596 1.0000000088452876 0.999999982991048 0.9999999958070517 0.999999991308361 1.000000017749493 1.0000000509012468
415 4150 0 0 0 1.000000002933995 1.0000000049513031 1.0000000216005307 0.9999999998429181 0.9999999812274958 0.9999999547910816 0.9999999268041233 0.9999998508695751
416 4160 0 0 0 1.0000000110836205 1.0000000030312086 0.9999999920708222 0.9999999819669138 0.9999999561189744 0.9999999172103321 0.9999998517167098 0.9999996990709081
417 4170 0 0 0 1.0000000122196133 0.9999999992092745 0.9999999977427406 0.9999999951922435 1.0000000013395072 1.0000000114273708 1.0000000517298486 1.0000000957641615
418 4180 0 0 0 1.0000000042436965 1.0000000000980578 0.9999999905341554 0.9999999937725244 0.9999999824878189 0.9999999788130894 0.9999999866440538 0.9999999768210855
419 4190 0 0 0 0.9999999976928448 1.000000002563051 0.9999999847754303 0.9999999882160259 0.9999999903301269 0.999999982382882 0.9999999931552185 0.999999970739793
420 4200 0 0 0 1.0000000060625354 1.0000000081667713 0.9999999878118153 0.9999999813650174 0.9999999863388431 0.999999977267948 0.9999999757729503 0.9999999379293163
421 4210 0 0 0 1.0000000056408445 1.0000000050136268 1.0000000036489367 1.0000000063528687 1.0000000089646601 1.000000017154935 1.0000000663589483 1.0000001208827431
422 4220 0 0 0 1.0000000101319315 1.000000007770781 1.00000000523468 1.0000000094307073 1.0000000132867237 1.0000000221436387 1.0000000657925294 1.00000012511464
423 4230 0 0 0 1.0000000074195252 1.0000000049749398 1.000000004312989 1.000000004944633 1.0000000085112557 0.9999999964787551 0.9999999934090392 0.9999999847399778
424 4240 0 0 0 1.0000000051334985 1.0000000030587826 0.9999999993775361 1.0000000089145737 1.0000000133243796 1.0000000120162031 1.000000017349076 1.000000030696777
425 4250 0 0 0 1.0000000093387236 1.0000000012721955 1.0000000003931568 1.000000007898962 1.0000000098647146 1.0000000106651106 1.0000000090444625 1.0000000219826353
426 4260 0 0 0 1.0000000029827392 0.9999999998033318 1.0000000083060445 1.0000000084497165 1.000000012573657 1.0000000218266083 1.0000000321478273 1.0000000692549498
427 4270 0 0 0 0.9999999969104143 0.9999999969972707 1.0000000054237157 1.000000007525357 1.0000000142809031 1.0000000245499403 1.000000050248835 1.0000001069744633
428 4280 0 0 0 0.999999996861101 0.9999999982010715 1.0000000036279206 1.0000000084400853 1.0000000133014053 1.0000000293774192 1.000000057770486 1.0000001085673307
429 4290 0 0 0 0.9999999960280428 0.9999999955641325 0.9999999999034014 1.0000000061742935 1.000000005182924 1.000000007222512 1.0000000177318504 1.0000000340418322
430 4300 0 0 0 0.9999999998402581 0.9999999958692958 1.0000000011405186 1.0000000055119787 1.0000000043710464 1.000000007521848 1.0000000119155368 1.0000000267023323
431 4310 0 0 0 0.9999999991668702 0.9999999997438505 1.0000000027392513 1.0000000078995293 1.0000000094294594 1.0000000192921636 1.0000000357497074 1.0000000728528775
432 4320 0 0 0 1.0000000007394483 1.0000000012014545 1.0000000024785936 1.0000000047426223 1.0000000095304569 1.00000001999168 1.0000000384486654 1.0000000711376813
433 4330 0 0 0 1.0000000030058902 1.00000000171435 1.0000000020274737 1.0000000024968336 1.0000000089794419 1.0000000215974802 1.0000000406902183 1.000000080394521
434 4340 0 0 0 1.0000000009255288 0.9999999995780673 1.0000000028741762 1.0000000020569544 0.9999999994682848 1.0000000018866682 0.9999999995422457 1.000000005402368
435 4350 0 0 0 1.0000000041525172 1.000000001462529 1.0000000026342901 0.9999999999144398 0.999999996929205 0.9999999985842112 0.9999999926049825 0.9999999851767184
436 4360 0 0 0 1.0000000024450093 0.9999999998448834 1.000000000842029 0.9999999999192889 0.9999999978434764 0.9999999997317716 0.9999999944297515 0.9999999886081737
437 4370 0 0 0 0.9999999994393289 0.9999999979340148 1.0000000007649303 1.0000000019871687 0.999999999919434 1.000000004313026 1.0000000043537702 1.000000010210191
437 4370 0 0 0 0.9999999994393289 0.9999999979340148 1.0000000007649303 1.0000000019871687 0.999999999919434 1.000000004313026 1.0000000043537702 1.000000010210191
