% # columns="iter, evals, sigma, 0, fitness, xbest" seed=912442, Tue Jul 14 20:44:01 2020, <python>{}</python>
1 10 0.4544320208798217 0 157.93297603601783 0.32427884412017594 0.505514678880668 0.2086846853829285 0.5866528888132565 0.4742228761891744 -0.6658878445258332 0.7705690004678081 0.1957436861570692
2 20 0.3965257678611667 0 92.2918505227437 0.2482277272969453 0.46072470241779245 -0.026725642365416094 0.5669131261909826 -0.024244755289658165 -0.2931442956161364 0.0033962655269495767 0.33950502980573277
3 30 0.35500802082341487 0 68.50596272166 0.1294755155944337 0.1887771333776251 -0.2356395072750464 0.008937819188338247 0.030623037571058567 -0.5435238864052653 0.7280811381813502 0.3820103607638076
4 40 0.3378530017937716 0 54.364192895722276 -0.41248815388777105 0.4372635053472097 0.21067013679100244 -0.3700555877006608 -0.04572442389074857 -0.32891716425147594 0.3849976198453497 0.1581617922197539
5 50 0.32415636271907433 0 72.33714097156314 -0.609621887545992 0.20860492291911287 0.015720855733909606 -0.45986654348806844 0.14889074362937937 -0.27233423741686086 0.5937696254763871 0.16435295177581993
6 60 0.33368654146215637 0 92.30275779544273 -0.16638550862026918 -0.1925946318202416 0.3457296437494726 -0.03899549969822458 0.17058861876750112 -0.713533598053799 0.6510723485605467 0.6950395240064036
7 70 0.3458453970396889 0 136.6803704173659 -0.16541007238548172 0.027619968198466446 0.34192786885631404 -0.446456871565457 0.0628956330701446 -0.89719218242581 0.8773748446030667 0.8320919809294404
8 80 0.3111809032306063 0 124.80704674628335 -0.21394759133854582 -0.2396024089432953 0.2684367016033391 0.24616848496966093 0.37494327858660625 -0.648359862039439 0.4024473545026389 0.7045821874830501
9 90 0.2914461442379642 0 73.63824610481717 0.12569528455547277 -0.3492076878201705 0.24823265922563886 -0.043318023898925556 0.10311283011162872 -0.2634491262121976 0.5041534599174983 0.7368370646687572
10 100 0.27322523061831727 0 42.91209204501142 0.43234182458690706 -0.049350899563508965 0.2560271804257747 0.08825162450381192 0.08812074435912327 -0.2920997332421652 0.19851570012998832 0.4132698314065472
11 110 0.28154725502655337 0 24.10071561980901 0.14310978091039722 -0.04589653826330367 0.03458816979805515 0.03670639900924158 -0.019731318104450106 -0.15261041205296405 0.14453163411777686 0.3784497603228694
12 120 0.28791700465504694 0 18.202164860815216 0.3374331642226702 -0.03953559896023708 -0.05732801105617685 0.007737938742081166 -0.015510019940209355 -0.1686263545217955 0.2568754298147287 0.15734241548934086
13 130 0.2702478086399683 0 22.647932897900983 0.3310060411539294 0.14965066414858966 0.043207466020942026 0.05664273498060023 -0.3367712683077708 0.2654820468558745 0.14795006447805747 0.15011552438854067
14 140 0.23925321287161197 0 17.83788659456953 -0.11353487427932912 0.00402714033622744 0.06380817587969023 0.027578004588052492 -0.07761238935158779 0.022595473528228147 0.19557625072659562 0.2853012869293072
15 150 0.22406529970524394 0 14.554378479777132 0.32527520542431204 0.1371306116218107 -0.11776918610366041 0.05877221037421567 0.0016068801536469196 0.24575750016664544 0.05931930853607459 0.07859884274448373
16 160 0.22202484872764547 0 18.021476683363524 0.22251597202511209 0.09968506266676702 -0.0048945918762332945 0.038203962377205684 -0.05186537858461035 0.1852942721700421 -0.22437970872583685 -0.03155244670801352
17 170 0.2178764405385885 0 20.36709240062641 0.277785503303747 0.26701225281249596 -0.01775751967154455 -0.06473709038266039 0.29724445577900843 0.04043757251770708 0.057510474149244234 -0.09079583021955981
18 180 0.19259854766591933 0 16.468125727573845 0.4497952696911155 0.2397933733766578 0.0909153626122543 0.18611268962357175 -0.0037361477560476086 0.07503888907030745 0.13184845790155753 -0.2226914763291648
19 190 0.16676950222217315 0 10.109003909164043 0.3183893338882517 0.16598571139505303 0.10808443603321326 -0.06903468399693587 0.04244326301680657 0.05638742099894697 -0.12429772388107509 -0.02411927710274665
20 200 0.15216746205931164 0 8.944840080304933 0.4783159482439787 0.2146465913571492 0.15491046352799992 0.033164975531357575 -0.005209377265428292 -0.055309323427957746 -0.003682201453345413 0.13221669740783015
21 210 0.1464629003564124 0 7.5404230235895975 0.5016958318677711 0.19336300851620356 0.09603522111918107 0.0025984302109965524 -0.024661242523423162 0.0014150255808159304 0.11044711967575394 -0.002541374046550783
22 220 0.13912397751264588 0 9.83891595295511 0.6278665525304338 0.2926025671605818 0.0015780330127872638 0.03888420035151839 0.05840248472466629 -0.05354773670357381 0.11063391350221824 0.10126167832281958
23 230 0.1274520787964018 0 6.453940355339326 0.5439949956061629 0.3443514102849266 0.04645654717693301 -0.0009985113119115388 0.008854230010873043 -0.029129128197204618 0.023528224088379207 -0.009306235373077107
24 240 0.11805483438595377 0 9.329734950717938 0.5510596955307695 0.4166981254250924 0.0549902575310418 -0.03028280890755038 -0.016267444789846243 0.08256266197025504 -0.04988862999559056 -0.01540889634986764
25 250 0.10304346476277576 0 6.912297212092563 0.6769229856689482 0.41718730221739 0.1208249158340026 0.02176637562249601 0.08028433303421084 0.008662345585558753 0.07200323388537795 0.07128569340203643
26 260 0.08920983054038886 0 7.105532482521498 0.585536368650142 0.3271660999877661 0.025350330494302534 0.008296719007633662 0.046867111196028155 0.08954044488773157 -0.0129902181401352 -0.024386782636489225
27 270 0.08008165615630697 0 6.023963908146037 0.5527077943607434 0.3309213501492892 0.13120728893121977 0.012995769953081562 0.01578669179694023 0.07239773387021067 -0.01836966352510437 -0.02551045353531038
28 280 0.07641256006920008 0 6.651909438503201 0.6220785826049847 0.3321921423825862 0.11703363961029196 0.09002756171166265 0.07052146978224766 -0.009375773883331186 -0.03384877414189468 0.03134358756239729
29 290 0.06595604701086796 0 6.306234551887802 0.5422170721687349 0.3332456551050428 0.12359770457429836 0.0522191984107155 0.061124068942100054 0.044122577434900036 -0.02186830959368935 0.0533219617719763
30 300 0.05999042997969709 0 6.5132877809621 0.5960824585536202 0.3169625180528988 0.0852251164749239 -0.04468203658855964 0.015306357904667082 0.05059266227795589 0.03774592925778549 -0.05542875907662952
31 310 0.05467174354283503 0 5.94176981210269 0.583906207431594 0.3037133109100967 0.1141244621801657 0.03616091425015561 0.046363835524885634 0.000466270252150007 0.002237020330273138 -0.04713340619755878
32 320 0.0456247218385377 0 5.832873811949666 0.5270665177590395 0.296225682773638 0.07790483587381351 0.011225347232197213 0.016375486548631926 0.05940227993568473 0.024578033022397104 0.013087715092909846
33 330 0.04093225947537103 0 5.890835011305831 0.5167548687142354 0.29408911817758965 0.06760475267352523 0.04193123785028877 -0.015630654423989424 0.00964039358293323 0.03845910362666194 0.00017652598297725165
34 340 0.03511930524962951 0 5.57397738209974 0.5289307211189801 0.30156064940401395 0.09637162684967429 0.024815623848635195 0.015208818182209337 0.03186470858005037 0.007981724978461086 -0.006829808261527253
35 350 0.029906599479588288 0 5.722755737132175 0.5374457601736289 0.29399432592871133 0.0611721673453669 -0.008281608133246715 0.02298473742851021 0.024354749335979274 0.024115195149966056 0.009528025965150457
36 360 0.027294766714834683 0 5.511440229495584 0.5570074383474233 0.32305456255632525 0.10855492470123851 0.006440634642833806 0.03476860451596599 0.023460816796708923 0.0042694339146890255 0.007663121004441805
37 370 0.027374059901911416 0 5.4657173335600255 0.576183803796978 0.33975839066208846 0.12220989206867017 0.0040270491520203976 0.0388504448747351 0.00633675542821502 0.0029419133013639607 -0.007667607650237022
38 380 0.026709655334474152 0 5.4525432116348105 0.5922122374146988 0.3339408088102483 0.10684346860553964 0.013241389103527026 0.006361256607631729 0.02124349352595223 -0.0023049548783739245 -0.02026788663717713
39 390 0.025600565679459224 0 5.463907871371144 0.560019672402059 0.3217956110771198 0.12214781046116897 0.01980546707271831 0.011877597678828443 -0.003653439622088599 0.02898593109248908 -0.009242110121580011
40 400 0.024182748187331557 0 5.336812473159993 0.5902780188598398 0.3493663535678338 0.12363926515189563 0.01592841782177915 0.021970936661230452 0.010592605912300134 0.010654067522411582 0.016256788443465252
41 410 0.02284663799195565 0 5.391435193672233 0.5762234391800095 0.33111980069958274 0.1295918772607556 0.02818178573485188 0.026605676395614473 -0.0008823708079414023 0.004286383474156615 0.0011526616610881288
42 420 0.022570369108995497 0 5.332490420688359 0.5894408563738327 0.3504588771397292 0.13475360661922234 0.027512532630599516 0.012089756293279985 0.0005143091310179822 0.0156047094295504 -0.020388311297610852
43 430 0.024151104577177274 0 5.37863139348746 0.5885074766099858 0.3446226320743744 0.1147344151807208 0.042851101273504666 0.0075155847959870875 0.015580927940747596 0.014993036046026552 -0.012611150157619013
44 440 0.0219932721482827 0 5.346829702430736 0.5865189965735128 0.3556448549529258 0.11872408135328454 0.035559433852107185 0.012439856346900285 -0.0013316468628277456 0.0018866432235039674 0.0031668025936738044
45 450 0.021117303398675687 0 5.295935908635377 0.5921617617172985 0.3500968359614508 0.12769238584671103 0.02834335853323572 0.0036575874516994048 0.0047256034420822945 0.0033086302145622836 -0.006520249127833482
46 460 0.019704677986928168 0 5.285151584254708 0.6021476690123907 0.35800351078916237 0.13289492914399098 0.015247291727893473 0.00803817001325369 0.013080596667678147 -0.002729482493593085 0.002908496916146643
47 470 0.020048911957494066 0 5.274989990085364 0.6170056299405419 0.3653029536614076 0.14680796839111382 0.04038249775911036 -0.004214105747751892 0.01750578022818927 0.005307683575153127 -0.00016642924423356312
48 480 0.020192855718980066 0 5.225932637678333 0.6007401114786879 0.3736577788210367 0.1507530572403873 0.04145186766188423 0.012121221332453497 0.015602610211217217 0.009085688304212513 -0.003141010564960818
49 490 0.02098692347596177 0 5.222262512498423 0.6282792784456948 0.38224710134860174 0.15609082557761872 0.0471476462782035 0.004360838128042222 0.015288427553703144 -0.006728072673852449 0.004316233960297507
50 500 0.021520309636060466 0 5.138179912869406 0.6308107740199498 0.39505807248800073 0.16327681246257966 0.04803674640492178 0.012226348890955255 0.003320732021713995 0.012102675816616879 -0.008455955937329831
51 510 0.022593631445102225 0 5.1248235095703825 0.6362083250244629 0.41288372513097205 0.17236588041860082 0.03243382356720717 0.011194283996592828 0.0014955522485168744 -0.009331746870975856 -0.0078045581805704575
52 520 0.02639465993745562 0 5.028656873574809 0.6597201302596543 0.4417542817923006 0.18807959347053213 0.06076429252969518 0.016248732375271777 0.008631905089936229 -0.0031810991610445633 0.0073274303592015914
53 530 0.02902735376585723 0 5.042472429869707 0.6453876222166276 0.4279519387603901 0.19377160438033197 0.049738894545252786 0.012829410502236457 -0.006260366129530647 0.0038181583267117973 -0.003912612470302072
54 540 0.03578007216642763 0 4.808297694518169 0.7294998401954157 0.5215591671233161 0.2479625260349631 0.06884292125415231 0.013020324645400646 0.027645388303921003 0.001792060742737604 0.0023768858730239782
55 550 0.038883539816766746 0 4.84305317153392 0.7306128747061509 0.5265441077856464 0.24968862668558048 0.05402945247761509 0.02301489540949926 0.013710217283974669 2.453266569031262e-05 -0.01240604095291499
56 560 0.041432401145994564 0 4.781093191271822 0.7479791703662736 0.5542916337872936 0.29088060108595404 0.05666422672508695 0.005899991505323169 0.0254792476936696 -0.0056148850211944264 0.0008327719687216666
57 570 0.04342390930748312 0 4.77482323748511 0.7340865884252614 0.5152286367191533 0.2765603360492555 0.09234893146296307 -0.0005587573856713438 0.004860746953993205 -0.00663903242852964 -0.009269926818994023
58 580 0.04137616916508908 0 4.862741281041983 0.7411803305596415 0.528558728556773 0.28675503653912476 0.12058836800794825 0.00038346726670837085 -0.005915980536810642 -0.016357322669040483 0.00358242077434806
59 590 0.0384781468516198 0 4.738043038461295 0.7578674554532173 0.5559238838226677 0.29463246200368165 0.09994587406807201 0.006980669334154852 -0.025247005818896842 0.0004014751096098881 0.0034727148852838367
60 600 0.03749914516992254 0 4.609896383159149 0.7860405471412995 0.6106272680733783 0.3361461274333451 0.12926395817567976 -0.001230805359144587 -0.007466402923420337 0.014260496219312017 -0.00020750262746951909
61 610 0.03734871823950707 0 4.686634843877057 0.7685012133853044 0.5730056228758249 0.3337809715206851 0.12312814589013246 -0.0013072613581318528 -0.032355231630130654 0.00637392834047186 0.0004123992596925738
62 620 0.035234855164129476 0 4.546158228247178 0.782324254312505 0.5929193713821133 0.3346990573162945 0.13998466280499008 0.010930301276432885 0.010872211665354705 0.006121288862487556 0.020184619448964474
63 630 0.03664728374254893 0 4.4417485370179985 0.7724770965202503 0.5903076749023612 0.360586823124795 0.12752725261922246 0.004831447675990354 -0.005672310248554756 0.0046686195133052374 0.014772425444724803
64 640 0.041087646200766784 0 4.563323519223044 0.8137143701607363 0.6634301426383391 0.3908944271607074 0.15237430580559486 0.008598870765239705 -0.002893045364219622 0.03642284546522505 0.011892140006848299
65 650 0.03939966705566897 0 4.395376160866667 0.7858822065382117 0.6216024109023176 0.37805513522517675 0.136254750932294 0.005818735171813173 0.010886305702758708 0.02772502939536704 0.021789138785463076
66 660 0.03909566008737869 0 4.443120812596102 0.757048380230578 0.6004646610013136 0.36903571237221466 0.1423738432796421 0.015172571346622891 0.01520663677778882 0.029093869898168555 0.012828887554813158
67 670 0.03795718788586789 0 4.401033964207904 0.8010271009780301 0.6580417843898929 0.39718477176605926 0.17278990896401336 0.016945148979000735 0.023125122825325858 0.006406950351197864 0.019729232510888154
68 680 0.03576916944416005 0 4.369055110684098 0.796222380706804 0.6262919111638943 0.3706091459873665 0.14099027789659707 0.018163110140869885 -0.01201634492263864 0.0054814773673459586 0.006504748082250102
69 690 0.03651374423541974 0 4.168778895731357 0.8108237230124798 0.6622092995790442 0.4220195360898922 0.16356182176846545 0.026215540705917587 0.0063773609862655956 0.007814520066701486 -0.007196708077866681
70 700 0.037121133983929855 0 4.188533829551515 0.8091647319430484 0.652214504126469 0.43054104266941406 0.17592795366776331 0.020019401622848383 0.009761550702922513 0.015516094058764654 0.024926773541737286
71 710 0.04097141536775764 0 4.242812241133754 0.8042326215497124 0.6703602076474626 0.46002627870891505 0.18597846419768374 0.04224583085212277 -0.01969104117848035 0.005785998872101671 -0.00921056268864112
72 720 0.04106910366641798 0 4.103378013233759 0.8131093334691213 0.6835234226724699 0.45960232656276384 0.19868875537897085 0.026250573056393146 0.010566643232164233 0.0224519046510472 0.005649395958504281
73 730 0.04191311636114246 0 4.071728901769126 0.8497656017281452 0.7382022377397398 0.5226016048145842 0.2375043210931535 0.034773311833464854 0.008012568293425344 0.01654513591306249 0.008758901813538413
74 740 0.04803477359903606 0 4.092538866808157 0.8328050383885555 0.7358179828277632 0.5467778485846136 0.2728384178980518 0.0535968905701063 -0.011913485241517965 0.006428327186722689 0.01871193099041822
75 750 0.051094967719565676 0 3.9139125150089784 0.8440883742262151 0.7118160654941144 0.5157779391434645 0.24387737792726705 0.05540768452394924 0.01414608153321094 -0.01628585248547131 -0.006721915785762221
76 760 0.05251203502881622 0 3.8675951025415354 0.8311350910916389 0.6921395766452932 0.49894221088385116 0.2590861867731753 0.055594347296780415 0.005702213770112819 0.013430548682309619 0.009398736497265484
77 770 0.05322022270720403 0 3.901841493129231 0.8303880383593095 0.7067195289162602 0.4901101860415947 0.23907414967549717 0.06357413505352627 0.008749421581575555 0.03013937217740055 -0.010447563334650458
78 780 0.05601660444825934 0 3.8110877536394776 0.8362991801040173 0.7045190155365134 0.5007534444363444 0.2799399188578852 0.10022159123741868 0.008344972269574744 0.01786845708703427 -0.004373935074380904
79 790 0.06519918940778306 0 3.6899234746369727 0.8957965276230446 0.8168196467361416 0.6121932208278232 0.36433133209894464 0.13869447494358944 0.02095316531565742 0.011722915466847464 -0.025025677327748238
80 800 0.0637197128861048 0 3.785379554999508 0.8363102668693878 0.7351748329688359 0.5524654700408912 0.3300588327566997 0.08962012063888802 0.024767121013263775 0.013524589818492513 -0.0018114074785881712
81 810 0.059584856581386236 0 3.7883997625094086 0.8353786185296566 0.7229596808362062 0.5527878735480041 0.3221020389501951 0.09476990032225487 0.014830401636502876 0.028205406874059362 0.014860437910904658
82 820 0.056109096755759216 0 3.7537438781943884 0.8653353745320183 0.7499704014367037 0.5717223285107199 0.2978263949244947 0.10836486472488742 0.046372051788538024 0.0006748577938189772 -0.0204190896840374
83 830 0.05761433080897314 0 3.7248950326756143 0.8853836333621121 0.7863646660112604 0.6412385537724626 0.3774537185319695 0.12563876207479244 0.017888505069039544 0.018747692883284452 0.048153773322816666
84 840 0.054300452314370154 0 3.698743064187382 0.8706187055700311 0.7667591957064829 0.5784120582609126 0.3236929191582294 0.09294564063760101 0.02472827219408704 0.03609293229045116 0.03214326253608287
85 850 0.052117915920039545 0 3.5941859697695975 0.8971493306533579 0.7890106066577074 0.592055994224113 0.3455459226029062 0.13184069335536813 0.009838872785342628 0.01943948580861462 0.026758984607796882
86 860 0.05035196148128247 0 3.512095904795256 0.8750432411038918 0.7595491161082708 0.5732984285672763 0.3398545954617328 0.13130728439519881 0.03413031334331284 0.021669686269176123 0.025566852825713696
87 870 0.04803993381407361 0 3.3933237438309933 0.8818569819543695 0.7652362250046962 0.589602076259961 0.37484548407735335 0.16039864493394998 0.036311950933405064 0.015641266248220848 0.00040688848183591253
88 880 0.049404123155670984 0 3.30790624244582 0.8952763440683315 0.7861803023372894 0.617329498911754 0.394809415028643 0.17153940262270975 0.018375970762708818 0.009090705849355618 0.014186213950781033
89 890 0.046312984516449524 0 3.377474786247326 0.8723421374983542 0.7828274659898199 0.6275264887025668 0.39570416442408024 0.16337560164275022 0.011187789348135316 0.005651113704946536 -0.0205235924641995
90 900 0.04194042005222111 0 3.3093899812594554 0.8797615168079388 0.7798918032299088 0.6143964973364063 0.38719218738131145 0.1451712643418418 0.034439485416533966 0.018760098638033986 0.017283836501772062
91 910 0.0406346545927619 0 3.255314219875728 0.8909593293161809 0.8169451544879278 0.6719943622966781 0.4312101232900625 0.17584360495515838 0.014925376962177545 0.018177016690010678 -0.0005841000396473294
92 920 0.03730841561041972 0 3.2081489079864114 0.8878966146435702 0.8007563759243613 0.6619273386177612 0.4302610185071941 0.18008058102604022 0.021852208397217375 0.010960350427699649 0.01444630010798074
93 930 0.03555687684168665 0 3.22164206162318 0.9261385284234399 0.8349661793402504 0.6743902788313388 0.4369639044306833 0.18557478834363716 0.023687890978416348 0.018306856197137383 0.006865126196127146
94 940 0.03496944606981231 0 3.199964943785052 0.931397920093561 0.8481886845357222 0.6918584809997912 0.4683216997046741 0.19633351783589637 0.029421400590423426 0.02884671791614813 4.091290062075781e-05
95 950 0.03554519121383031 0 3.117246356843879 0.909676838985524 0.8266266592410096 0.6732596964903931 0.46354761552967594 0.19897375857106542 0.025822369246108035 0.030108983730637837 0.004751069778594805
96 960 0.03220069763207747 0 3.1580472742751535 0.9311863177377493 0.8462933097860047 0.7022994077448345 0.47561338458955144 0.19943621851540597 0.026478328364022512 0.012987600409675207 -0.0069679911874311745
97 970 0.033040533968229736 0 3.0451325945731558 0.9211294193011194 0.8306068572443928 0.6857839217832663 0.4538493082205692 0.21154430516755512 0.03874723562974618 0.0126548145639843 -0.011171133700213644
98 980 0.0325267588076551 0 2.9703294036265846 0.9120375509301427 0.8251802392437562 0.6826571582834352 0.4686086282902692 0.21824953147753237 0.040922311719417126 0.013999471873634062 -0.01413669524573733
99 990 0.0331068161648955 0 2.969696193190636 0.9170243396691183 0.8248630630188737 0.6797449554184508 0.4630824446991934 0.22811033701379563 0.04804766970414734 0.01512884094642386 -0.007909260606881071
100 1000 0.03578504304235655 0 2.959527974460846 0.9293330225614951 0.8481097264660276 0.7103256019666223 0.4819383292086143 0.24296627704586 0.06213097969780007 0.008359179073073573 -0.021208213405443842
101 1010 0.035884199359173426 0 2.907762182052382 0.9339518528850265 0.8512005989140226 0.7082453923136838 0.4985422515564224 0.25414539864197083 0.05392557318724327 0.02712322215255141 -0.0035166036831979046
102 1020 0.037011554458874274 0 2.882652548600663 0.9237160180431946 0.8400288831825546 0.7148838062310101 0.5055915298006609 0.24950586299785263 0.053511987749580235 0.008490011530805822 -0.019875064994095172
103 1030 0.03610844446267584 0 2.8833355262119422 0.9248808173365007 0.8498019499042115 0.7012592681734793 0.4903283865950856 0.23923856874276328 0.056686737534404494 0.019674472409858937 0.005051771405466574
104 1040 0.031774723100457154 0 2.914135424969877 0.9248902478629476 0.8389554839429132 0.707375459854337 0.49522601941218275 0.24340511061449777 0.054843394255614006 0.02224184055283948 -0.021882825357212546
105 1050 0.03126566274938288 0 2.8342055974219567 0.9202015837844689 0.8491499883657174 0.702773652354978 0.49378985059284686 0.2466422192453187 0.07757606456976554 0.01842961793652205 0.0022728089399940386
106 1060 0.03222997907214212 0 2.8037652095104173 0.9186327866784533 0.8497343700819937 0.7148131501375898 0.5140931446795037 0.2589083734391186 0.05676756798334223 0.004476590830747839 -0.006244307757067183
107 1070 0.03398200116707209 0 2.760663744602067 0.918438744508636 0.8400426080229028 0.7172450848189018 0.5260975761846095 0.27824274460136506 0.06520966016026161 0.00840800422209922 -0.0027973674580588984
108 1080 0.033745786522341205 0 2.7474577508254137 0.9164189385790061 0.8522575509529136 0.7182950574763843 0.5260466295008808 0.2822498360795785 0.06782707704146856 0.013303336066611677 -0.0012275243215536273
109 1090 0.032658266747564335 0 2.7791513442274804 0.9285592069296359 0.8601601646325879 0.733456352091823 0.5156212387343284 0.2634812910892089 0.07161456558347525 0.010072486148614912 -0.008007422322790708
110 1100 0.02959140814639478 0 2.7293115904351963 0.9188818929537067 0.853419237543018 0.7211010709729773 0.5273573828814709 0.27749865619990793 0.07342140771340909 0.0034806690833688544 -0.007662764347950208
111 1110 0.02800205199971575 0 2.7236960162308477 0.9363320129026055 0.8731683895912479 0.7477045604958166 0.5576425326237857 0.2951247573594131 0.08089506612934975 0.004720709245048934 -0.02439938277315843
112 1120 0.028020482547977753 0 2.6745150443575447 0.9245663637847252 0.8608609935231489 0.7329670110470768 0.5496782161735981 0.3030156136369999 0.07889414311550388 0.0036694039870697214 0.007320266713614135
113 1130 0.02813654808274182 0 2.666907908782925 0.9326741903308052 0.8771007095405969 0.7464558762187439 0.5644373716215149 0.31191154970273904 0.08685488015142453 -0.0006184005234854181 0.0007721074944491263
114 1140 0.02908167304111096 0 2.6048184174116153 0.9281472545386644 0.8605133448923545 0.7456416252843671 0.5696131898935344 0.31680713764536017 0.09627729653898626 -0.0021558767944257484 -0.002384284020123739
115 1150 0.02823426789126786 0 2.5736850997887872 0.9303609351390325 0.8667966561728001 0.7487497272975702 0.558455009483851 0.3127581978990477 0.09402649670841656 0.004025042731556322 0.005328931444367267
116 1160 0.027306103773635848 0 2.5564141404905345 0.9313759601267109 0.8624676428221093 0.7430576665260236 0.563986416021574 0.32092584441430083 0.1076195195414719 0.0038578008105059013 0.00370274608469665
117 1170 0.02853503489914476 0 2.564381337848493 0.925150457554794 0.8636882663988215 0.7464842977613015 0.5622100848558107 0.32400663809008523 0.11108789354010883 0.0026460829451435694 0.01202791815439422
118 1180 0.0275445839547338 0 2.5537182113086434 0.9325994151030718 0.8727285046595749 0.7508410075879216 0.5787830314502218 0.3416882421788467 0.1120697636196079 -0.002803807020700242 0.0025234346058887218
119 1190 0.02915839142974936 0 2.480232698286777 0.9440143033726186 0.8814997946379519 0.7724623522820133 0.5990169472951059 0.35376714951536503 0.11102521788167403 0.002564191020109744 0.006099221893525286
120 1200 0.03087594360227153 0 2.4626227065383137 0.9380580923113249 0.8822562874740996 0.7775334424195713 0.602673284169769 0.3649357705003988 0.11636872757553399 0.00032294295916424727 0.008435407892911539
121 1210 0.03154739530378736 0 2.436579360710243 0.9424364915769359 0.891408856679212 0.7897032054080202 0.6230802795333026 0.3781985645355978 0.11869184262832241 0.004858301667508365 0.0015143596002569065
122 1220 0.033509654825227185 0 2.41571483832682 0.9587185266414116 0.9022592241732781 0.8018282903340481 0.6388244096632383 0.4078776108021231 0.1391709597835425 0.0024312958954108115 -0.0011989553572967528
123 1230 0.033126039641847654 0 2.4214323502656807 0.9572700196532659 0.9051049274031326 0.8013636568908442 0.6404239488852809 0.4001984445944641 0.13293086793011727 0.0063390455314041045 -0.0034156456519531947
124 1240 0.029090035924767572 0 2.4265046778787482 0.9514015437859744 0.8977134814101418 0.7949144669724229 0.6259090948161534 0.3948790265775643 0.1376070966923812 -0.004718905132779263 0.002578506110906048
125 1250 0.02719513238462708 0 2.4178941667291074 0.9499414049137977 0.9010374071714209 0.802200338568012 0.6350710049966857 0.3866044860227517 0.13522825294797233 -0.0018650787581659988 0.0002180757350125702
126 1260 0.030588813504093697 0 2.343913317752648 0.9552645189742359 0.9120634565514232 0.8176861385791022 0.6571675075488173 0.42152364377152085 0.15350298093044237 0.004076478727424263 -0.00023256924784712516
127 1270 0.037255879409203566 0 2.218605505159641 0.9621574687122374 0.9102754589664624 0.8271275245844756 0.6689633882257546 0.4357102387249546 0.1815824128283442 0.013319494684787565 0.003813190329823522
128 1280 0.048624407235099545 0 2.228763762908171 0.9510141062331225 0.9017947501890762 0.8301581936525082 0.6843490991286579 0.4408790955186639 0.19575995428846604 0.022972943677458946 0.021374202099317313
129 1290 0.05933988459770513 0 2.0971790241321067 0.9627170383820653 0.9056955908143031 0.8141378240405648 0.6703670974360671 0.4541352478395569 0.20007408258778175 0.03140434848812822 0.0002040850077144607
130 1300 0.06526291297780448 0 2.1533808264361363 0.9699292222429409 0.9324641863293051 0.8475732851984786 0.7128274483130177 0.5021096046003847 0.21545354742785333 0.02771421994473105 -0.004188799751083932
131 1310 0.07099254486160593 0 2.1168796833825896 0.9750861808786522 0.9273471472962507 0.8556698041550403 0.7131417006190561 0.49459686299985217 0.23814072307735604 0.039648759824556214 -0.03065313493706318
132 1320 0.07565257204294089 0 2.128913896155139 0.9649180907000751 0.9180297223644848 0.8749517595438627 0.749670925954895 0.5174299671411233 0.26211019566554816 0.06224002408983123 -0.014612912754965705
133 1330 0.07082444730649508 0 2.14978274437777 0.9528902718900482 0.917855137804785 0.8410923104096585 0.6862563953928812 0.465076167397949 0.22594547158795844 0.019152143076352653 0.0025791443339130103
134 1340 0.0628980769007896 0 2.153151940928802 0.9573009523959984 0.9148049334813061 0.8553327299266192 0.7360790971194971 0.5196262335144372 0.2491443014159576 0.02259065700153407 0.014147030844687351
135 1350 0.05753068482707853 0 2.197472181113686 0.9580049190640292 0.9179724445112252 0.8292438295457146 0.7010634144741562 0.48684095752135315 0.22154976284466657 0.010321136954209395 0.009750232160757766
136 1360 0.04946176504259087 0 2.1484997748367975 0.9626048397728075 0.9242012931562299 0.847394253697764 0.7027570080245266 0.47933636689804804 0.21680536009032333 0.01570009499824999 -0.010648139423377315
137 1370 0.04467274565198753 0 2.1107072064729944 0.9614496690963018 0.9191224081668107 0.842937487027812 0.7267047993250239 0.5152279108349773 0.24197080170349866 0.022270553032351367 -0.006689344123544409
138 1380 0.04452016373706909 0 2.016465403185365 0.952192991726228 0.9108293205471432 0.8335141522179286 0.709332963174885 0.4852381324614647 0.23515061193600983 0.03435301287471683 -0.009345661083402498
139 1390 0.044805451925050394 0 1.9569049765850601 0.959381052059 0.9153271716544348 0.8459149283245513 0.69759182743424 0.4762897077984752 0.23404777640225788 0.04690269976381128 0.0021815739001166965
140 1400 0.04533047109963444 0 1.9764749278217286 0.9676958606783896 0.9337632766099304 0.8642514542186613 0.7305148002494436 0.5100682545817141 0.24763912009984432 0.04683316536277878 -0.017689399956470498
141 1410 0.04820653804801501 0 1.851480359545833 0.9726919032951215 0.928655577610835 0.8606162385450643 0.7314298747027016 0.51409871803485 0.26459100117497525 0.06351551146278117 -0.0073311019721328885
142 1420 0.04920093847239263 0 1.87538370945795 0.9711690483717044 0.9278094589926339 0.8703507186695952 0.7400050029118677 0.5244330229016897 0.2666370603297403 0.0653613194820914 -0.009892239267821075
143 1430 0.04954371031269856 0 1.9130923274647063 0.9738746123045322 0.9368808767440346 0.8683706903621938 0.7461560874595838 0.5302749962918298 0.2865845975483248 0.06728663915834361 -0.027672608909408047
144 1440 0.05161934905100487 0 1.8078946187429128 0.9736314259587712 0.9340368918462711 0.8570779653932848 0.7423286701997711 0.542367627381268 0.2861965960215544 0.0659086644636132 -0.014665964791170327
145 1450 0.056350972798874695 0 1.752141890875183 0.9623466648217246 0.9233424520630706 0.845053673196683 0.725548117233993 0.5232516047196055 0.2670630755727965 0.08461854968196333 0.005101828988854655
146 1460 0.055258131266925914 0 1.7322809743841137 0.9658512003167111 0.930000280164805 0.8572244297921853 0.7331031891970196 0.5280456162803636 0.2811413844227134 0.0825852462445674 -0.012105176193021773
147 1470 0.05617350207245789 0 1.719965139154629 0.9801045593282783 0.933966995921167 0.8863306537253792 0.7633421973031344 0.5718632618438114 0.31249392002424425 0.11261768645713063 0.004020073043559015
148 1480 0.05766032257262545 0 1.7044643385410163 0.9820523724942314 0.9474862945497343 0.8896628383544624 0.7561993976773956 0.5817301254466196 0.3361115013004199 0.11505912205414627 -0.011334390240651217
149 1490 0.06082130125669652 0 1.701110235455554 0.989254870015669 0.9430348553273988 0.8986102546870351 0.7850276920895299 0.6054712964216935 0.34506249517129645 0.11952436236779776 -0.005096277795098088
150 1500 0.06499113665666331 0 1.6623302908795043 0.9792312696701123 0.9356280769875387 0.8908443436578216 0.7598422065947653 0.5792497121836067 0.3584776977991283 0.1323230170065543 0.015833901917573577
151 1510 0.06372623637784489 0 1.6557280549593616 0.9714848434945809 0.9349253373498575 0.8903452839782328 0.7603275945838813 0.5700327678883182 0.3280787050311118 0.12590629416646767 0.018633518103959433
152 1520 0.06252161857205205 0 1.5375015335095679 0.968716275714085 0.9420942835393913 0.8864720365340217 0.7630169827956885 0.5747301759874204 0.3426056801081044 0.12699136643478798 0.023548863027165603
153 1530 0.07129176373177377 0 1.4557246637331733 0.9805217449664445 0.9398401401716612 0.899605135185385 0.7882117250503716 0.6177997242375447 0.3858846476287441 0.17116328501825104 0.04214092554541023
154 1540 0.07515399836414037 0 1.4008556663728948 0.9643037911577138 0.9418300893990819 0.8976547216398099 0.7870828055942506 0.626515641400665 0.3814693066610975 0.16311961371332723 0.016951999763406084
155 1550 0.07093249462290617 0 1.4367053147280058 0.9796467676444742 0.948597163204857 0.9073493047480742 0.7873375496163235 0.6248232982754357 0.3927759532182398 0.17016157642654864 0.021015481150526483
156 1560 0.06801790023608488 0 1.4633635687898725 0.9743319060554102 0.9538674986773306 0.910666265904809 0.7995990940377934 0.6152804305385229 0.37964869753887365 0.14950403345567193 0.029314123492388912
157 1570 0.0698994883261234 0 1.2641831779926622 0.9799329707234016 0.9639508573081277 0.9134132459936899 0.8231849219005756 0.6519426532898792 0.4352788995015636 0.18451399628790768 0.030885621606666053
158 1580 0.06323307803538472 0 1.2999021676385518 0.9666529099826098 0.9426669239483856 0.8899382593785095 0.7982914694152534 0.625767096960563 0.39495647135830836 0.16307361087545358 0.034206485998895614
159 1590 0.06170871021229607 0 1.2274776530617817 0.9802624877003242 0.9592839476528765 0.8987631682889041 0.8183333015851658 0.6536477683045312 0.43624181280195834 0.1920515424746404 0.03782401646672042
160 1600 0.05772451741330292 0 1.1628243934584965 0.9894099254058385 0.9713499013896613 0.9198689189795554 0.8305972469369366 0.6791739461226615 0.4543954548215072 0.21383147537059252 0.04336063844517964
161 1610 0.0551711007480107 0 1.1566870103044087 0.977873424252593 0.9528479482055351 0.909220616117888 0.8324518716381204 0.678284283321796 0.4419159622311836 0.20514781363467766 0.03760572634485792
162 1620 0.05169002071593499 0 1.156129285740744 0.9725413169063788 0.9511741044030532 0.9103743833732333 0.8291738850875494 0.671673018570579 0.4391313813235215 0.19659567866236463 0.035631206251449464
163 1630 0.04639559162435057 0 1.135378814690001 0.9731503229159594 0.9573726302492043 0.9113331649310061 0.8243278473520433 0.6709968094284935 0.4416020404883775 0.2014756573730997 0.04214481290192122
164 1640 0.04702918485039638 0 1.0637045349649095 0.9804259637907025 0.9558716825892735 0.9070946607593388 0.8314143586065303 0.6835878695798124 0.46260505195542506 0.22292061238304373 0.05273917779150249
165 1650 0.047684487853887084 0 1.0500605544613406 0.9796275336773959 0.9605653508008466 0.92328277485252 0.837399585520807 0.6932994444704975 0.4824368542547658 0.22027751725763223 0.05157248035543558
166 1660 0.05138599009114388 0 0.9991769604068941 0.9845374347511441 0.9666064477146308 0.930784750037842 0.8595796424142549 0.7233676862880453 0.5171239541427294 0.24568242763304365 0.04896786360329745
167 1670 0.05237592694812275 0 0.9741569471097986 0.9831491301716467 0.9683878626541634 0.9296471905137283 0.8517833855730236 0.7081675346401476 0.5077051485229382 0.2523314341508002 0.063900771281951
168 1680 0.05093833390613979 0 0.9918302875772025 0.9753096943550746 0.9546275448562896 0.9234986880299472 0.8469203811344187 0.7045458721838379 0.4941177147188787 0.2395964363673317 0.058606460324465905
169 1690 0.05233551973953109 0 0.8798684642567309 0.9772127306989586 0.9567787481603733 0.9228964958871254 0.8566413041922519 0.7230257893523431 0.5295955213241601 0.2777865925898009 0.06941430625718562
170 1700 0.057815819580424054 0 0.8379271070569418 0.9771279265427171 0.959777981653491 0.9298243629669095 0.8613504538209898 0.7421737921827408 0.5481842161719604 0.3017363260777815 0.0706537557691528
171 1710 0.0650296377364707 0 0.8367070450509533 0.9653751921136865 0.9597293881532837 0.9269196958133066 0.8623303154803282 0.750626113523722 0.5621718286854218 0.322668789274742 0.0964452767672249
172 1720 0.07497372384142428 0 0.728681773047208 0.9770999811407379 0.9615032170327033 0.9420794494163508 0.8856997285323414 0.7943610101612343 0.6131191304385852 0.3589870241112849 0.125603147543282
173 1730 0.07410021640025705 0 0.8218090896452903 0.9837092106286084 0.9640554709732472 0.9496514564052683 0.8955341170258642 0.79415320079958 0.6032610106063855 0.3534735594510218 0.10246760442077281
174 1740 0.07275985365256384 0 0.8245603976596956 0.9666782272266 0.9517753008821881 0.933079284714596 0.8744885935752548 0.76499328770647 0.5767644407672656 0.34335467894058413 0.10725310083325024
175 1750 0.06821407286642345 0 0.7854843375393898 0.9774850180388096 0.9573151780548572 0.9330836967661907 0.8672807547239553 0.7569040511284467 0.570193497791713 0.3200103878553629 0.11659697785831949
176 1760 0.06017434571122364 0 0.7796947628500509 0.9800725122975411 0.9657135930202089 0.9479754927811738 0.8872287406084451 0.782349565369894 0.5893720970468049 0.3361804018687437 0.11117963826937802
177 1770 0.06063935154586324 0 0.7549592592519543 0.9787039713172121 0.9567229328399047 0.9350141488533468 0.8839537811755956 0.7756901165912062 0.5907529023211859 0.36763167923163564 0.12138280641690966
178 1780 0.056252748353256 0 0.6925758858115463 0.9809608114246487 0.9624184901071227 0.9375838701901743 0.8730357874401719 0.7627955806933301 0.589467313110355 0.34972999373333147 0.12054773676113965
179 1790 0.055397193690745264 0 0.6117189647288104 0.9793108765050118 0.9670965319635191 0.9444413798028813 0.8830440561403102 0.7879980973419054 0.6238486188452473 0.3868235593626762 0.1495330323250228
180 1800 0.058271273986630526 0 0.639683375820697 0.9784998056045291 0.9718301008995456 0.9454673243343595 0.882469940679236 0.7864492816893566 0.6301019416654818 0.4009190403974664 0.14473881301818212
181 1810 0.060538558783927374 0 0.580548634225642 0.9824147877412883 0.9632830850018435 0.9385771859677503 0.893457931082851 0.8091715405770538 0.652748415848919 0.4121907170591097 0.1651632608449409
182 1820 0.05831717630634917 0 0.5878940589426508 0.9798865191622919 0.9644767585674557 0.943730628291457 0.893906474458509 0.8100692848568467 0.6453147631663344 0.4067461313938163 0.15958240024680073
183 1830 0.059563468311147186 0 0.5551867620087834 0.9806171079239667 0.9735339252023787 0.945170605898952 0.8886003163523025 0.8038670106399283 0.6504894554620347 0.4205431131644482 0.1720435743712614
184 1840 0.05736685846739414 0 0.5963901454684869 0.985220703319742 0.9797509361211878 0.9548843019834584 0.9156348661023764 0.8450816499924847 0.6862891266418933 0.4516459668987687 0.18619763717630364
185 1850 0.058325121205869884 0 0.5127789950252665 0.9887449079303695 0.9749366615811409 0.9577720809244431 0.9104373124107995 0.8404435629136437 0.693269560183228 0.4698628714627643 0.1986642738775119
186 1860 0.0632642363321613 0 0.5384131198738182 0.9952609024731687 0.9837947192897514 0.9653914449518753 0.9238219484283647 0.8562220683032848 0.710319789060115 0.4956230775492263 0.2140807861242345
187 1870 0.0727353656101484 0 0.47865075028793264 0.9872517227291188 0.9796750970346468 0.9490252085842161 0.9134413145602129 0.8364978705052928 0.6849955008752323 0.4776006263072854 0.2183375594717454
188 1880 0.06898003781495049 0 0.5180885401825088 0.9887697492331896 0.979445263221473 0.9537556022978037 0.9114082820630327 0.837192113687606 0.689235826031764 0.4656781663888249 0.19065721299212576
189 1890 0.06659334501999158 0 0.46077351808285427 0.9903829915539987 0.98286447055197 0.9587286892417829 0.9222615348741342 0.8526674787597626 0.7047967410609431 0.5025641033795294 0.23350688573481343
190 1900 0.061202658002455654 0 0.5229283947538509 0.9941885800368634 0.9861999353132546 0.9617996293097323 0.9156639882488459 0.8450699823624305 0.6950482897415863 0.47228612521138974 0.20180345997276739
191 1910 0.051664935357319905 0 0.46379807565227466 0.9891078219982207 0.9750153351223658 0.9512020262738904 0.91001253738873 0.8360964993134827 0.6829146632895954 0.4708940793820013 0.2134402378501961
192 1920 0.05069560801899038 0 0.4640205340886812 1.0007579870680319 0.9843215890699859 0.9653979022005221 0.9167461480548771 0.8439078252280638 0.7021262485234046 0.4913991648611054 0.2279557860681087
193 1930 0.052580824310442136 0 0.4765659398647699 1.0057687857978057 0.9909129155879315 0.9668656705784363 0.9216792735976059 0.8492954499646301 0.708176563771791 0.5039255499706768 0.24175705427112262
194 1940 0.053396350862729154 0 0.4484128019969319 1.002679431270061 0.9922855419295091 0.9684822206721022 0.9237430373279412 0.8547883978748716 0.7195390737652065 0.524082385305725 0.2558795072319427
195 1950 0.0567371131199799 0 0.3820331499580829 0.990883795289959 0.9856942121153397 0.9619369628850214 0.9187389684380172 0.8561014897635749 0.7217032428125625 0.5230294048765878 0.26619711703344034
196 1960 0.056779186355178375 0 0.39401246522791633 0.991824161069917 0.9834686410631515 0.9638965107517565 0.9235390346158034 0.8507009458691435 0.7167941605502328 0.49898652854763553 0.2449363808191687
197 1970 0.06316527453949938 0 0.3300461400815404 0.9977226222717488 0.987725362187431 0.9616956069429381 0.9252659105321634 0.8595463672456142 0.7369664175075915 0.5459783948596307 0.2969519103912613
198 1980 0.06529200923821309 0 0.37388057981841916 0.9875069023513147 0.9888346652824449 0.959797736975392 0.9199972256670974 0.8560935359135962 0.7423183527154786 0.5468700279240032 0.30344940198280074
199 1990 0.07293574904875368 0 0.3671487904357532 0.9822300347307586 0.9860255181149822 0.9705325126647082 0.9293725317880118 0.8657336173292366 0.7531365805752747 0.5561859692707497 0.3192046080460817
200 2000 0.07787760419833768 0 0.28953831108125433 0.9909253393952392 0.9847340840997996 0.9735306260633175 0.9414655311091319 0.8846473370223416 0.7858727832680376 0.59447375082331 0.3512885506466101
201 2010 0.08110325017662698 0 0.28406681567474784 0.9912079509025589 0.9864342554413688 0.9718690317652094 0.9349227489959071 0.8717161500369132 0.7709279502893598 0.5864636282925044 0.3534165779824282
202 2020 0.08808348008144778 0 0.2748790177784709 0.9889749010177172 0.9849631006633464 0.9659026449006626 0.9416896157239983 0.8803880005725686 0.7971130329071309 0.640975539630549 0.39831976216007314
203 2030 0.08213724279009392 0 0.2870384021783715 0.9912081773690943 0.9779002445792815 0.959634742962736 0.9364251167345735 0.8749331834182482 0.7782112145657196 0.6129215217429153 0.3626568941455486
204 2040 0.0806604010902977 0 0.3043124901124774 0.9931179537493149 0.9853944352946753 0.9602357583016736 0.9438649980182748 0.8972897684381214 0.817951490617196 0.6735377032171006 0.42772333255052986
205 2050 0.07816077954902133 0 0.30897931809124735 0.9984039269915946 0.9804890753090408 0.9609514118167155 0.9378731151384256 0.8995887521687211 0.8227373045731545 0.6653624327118616 0.4251562725351815
206 2060 0.07169142281628536 0 0.33314765403305646 1.0025785473615862 0.9910906421284559 0.9663279405822754 0.9391934691007505 0.8919439881156007 0.8172040043291964 0.6577216856793079 0.4099874756363708
207 2070 0.0712802719411941 0 0.2891422269718178 1.002155780796182 0.990868927928224 0.9788518956898831 0.9416941148937783 0.8884677150198127 0.8149855198214203 0.6561226031494515 0.4262086582086744
208 2080 0.06615432205410757 0 0.29540581502387786 0.9934923618985431 0.9822651714450792 0.9684890007792205 0.9391795979867323 0.8876029874495137 0.8122352643833243 0.6384435038752263 0.4086902579322802
209 2090 0.06046317481839019 0 0.19680932859771139 0.995893279068589 0.9932101030814786 0.972620934503812 0.9520038681752307 0.9025758666252787 0.8211899095868225 0.6651423315348021 0.4369810729450543
210 2100 0.05854758158741624 0 0.2034548349732163 1.0008697937058926 0.9960251772771718 0.9785289349526933 0.9543488415518597 0.9019597221491666 0.8203243171487327 0.6653958415999408 0.43477374975799665
211 2110 0.05203753805164689 0 0.221441170234408 0.9974626247878305 0.9939755043470486 0.9690692222534839 0.9462679087145454 0.896330908169947 0.8102947834606707 0.6558419254640931 0.42208439074543114
212 2120 0.051450658106363276 0 0.2059594710995493 0.990900334306097 0.9862425913165099 0.973404386146283 0.9521239681253476 0.8971023919459951 0.8212444247221572 0.6686115496057985 0.4387476018382359
213 2130 0.04783480192748754 0 0.19164154639308129 0.9939225862237755 0.9864726700214594 0.9719768153296519 0.9459891977535786 0.8911748725530809 0.805985961149502 0.6501284680575976 0.4230918715465323
214 2140 0.04519865781290311 0 0.1854483212455083 0.9928654007678646 0.9886905420139368 0.9705050735360787 0.9483341950568194 0.8959589966359828 0.812160617511883 0.6629244668736703 0.44258551418391995
215 2150 0.04497858963818997 0 0.17048102179006805 0.993056390691104 0.9866737958401622 0.969764982302395 0.9488158891851867 0.9007762682210936 0.8149761847528836 0.6703114402249984 0.44722253361031983
216 2160 0.04534807060997876 0 0.16322754075715729 0.9899842153098775 0.9867963849471799 0.9731073707804314 0.9511155707061896 0.9040407945911851 0.8264091989802138 0.6782353492200961 0.46087370861877236
217 2170 0.048849348487791086 0 0.1679594588322998 0.9866414508128968 0.9839782475639887 0.9701789017216381 0.9531669176644176 0.9130384009236143 0.8456787979672705 0.7148439177058892 0.5012274132112383
218 2180 0.0447645550150095 0 0.16176153865179158 0.9913891224524995 0.9881411562010626 0.9708902908251223 0.9548153894585973 0.909608907846343 0.8340709492858286 0.6983419018663001 0.4801697149366158
219 2190 0.04307797766168634 0 0.13742235323047045 0.9947656082387066 0.9863351042081956 0.9772182222739998 0.9535567537245289 0.914103315502549 0.8401476467908645 0.7000558300496926 0.4873848782613286
220 2200 0.044896031892081696 0 0.13914871853281705 0.9953658629775644 0.99117829417486 0.9801693202102328 0.9550628452488555 0.9144530510053969 0.8319938246733507 0.6960732387289921 0.48110621194858394
221 2210 0.041538755083906004 0 0.12985856626322928 0.9938559243587267 0.9866016890382586 0.9738179466829231 0.9549532921642235 0.9174888934467498 0.8429289467773549 0.7084503876486343 0.4971578943893294
222 2220 0.040903510705820975 0 0.12795396311878557 0.9916853084326094 0.9865828304828671 0.9763669670577472 0.9555188372391519 0.9159974887327527 0.8506222092234704 0.7205457130148432 0.5180822079147099
223 2230 0.038960594623783464 0 0.11935108571782566 0.9942738330060228 0.988188028473336 0.9753434944012593 0.9573471745380329 0.9204958049370101 0.8457619993651826 0.7159669418739383 0.510929813933639
224 2240 0.03477969442453533 0 0.11763104934966383 0.9914022236047992 0.9860770076215866 0.9755560316611825 0.9586365042579216 0.9237323209339829 0.8587051724247516 0.7311125489676612 0.5313553063729022
225 2250 0.038862610813063594 0 0.10855758673190899 0.9958849827065872 0.9855625320240529 0.9768063622625496 0.9601813592925215 0.9254506925819439 0.8608420063268537 0.7411546210347781 0.5518200204240502
226 2260 0.04654840824928469 0 0.11069093318985401 0.9945538078823614 0.9861290274418105 0.977561759341388 0.9649254815998706 0.9350431982299192 0.8850530859083066 0.7717987635730392 0.5930814352696885
227 2270 0.055529122353280086 0 0.09395847524981527 1.0001015300170237 0.9894589832437506 0.9811219380478603 0.9664880300481772 0.9396562293758626 0.8771157569993592 0.7697149517378489 0.5900307616350666
228 2280 0.06326459380545191 0 0.09637422041066226 0.9996834761933083 0.9904944724708252 0.9781413378546692 0.9631261845723893 0.9380434755171109 0.8815916538663726 0.7852772977384552 0.6170669488949894
229 2290 0.06896516844888559 0 0.07657685850107912 1.000566894719436 0.9948762760785007 0.988866876631019 0.9759147534281137 0.9518331988516973 0.8981183341195107 0.8039680115459287 0.6347819617000956
230 2300 0.07153580168271036 0 0.10431030613199296 0.9908077774522329 0.9834941066471289 0.9800393815711603 0.9774222204725825 0.950965310583944 0.9166291503786649 0.8398297508282919 0.6978203128179861
231 2310 0.0617548683521771 0 0.09041019058590162 0.9997138602184198 0.9912146946325303 0.9826066709264506 0.9634039416237181 0.9320991899934702 0.8741669165620548 0.766036558428403 0.5907277361837135
232 2320 0.05968887319634296 0 0.08312409083673361 0.9979804842783409 0.9945590099101714 0.9895180307259722 0.9716406707455345 0.9525797501018839 0.9107795417781465 0.8303014958564853 0.6723968767760315
233 2330 0.057558606693680486 0 0.09471998246366498 1.0017871475961422 0.9933540265194831 0.9876030321733786 0.973245440013726 0.9505443332845857 0.9124972111870497 0.820244790352667 0.6602005247000309
234 2340 0.056243405474621644 0 0.05732221111258372 0.9973790394763602 0.9904446283803149 0.9883565459714168 0.9748372838365004 0.9507085798340354 0.9094940757017556 0.8268997804315057 0.6767304678695489
235 2350 0.05191913269855436 0 0.05539343676123036 0.9986840574496232 0.9944245393642749 0.9892403416416957 0.9762817909651622 0.9559934473537134 0.9150868788512887 0.8292812817296831 0.6790752484407313
236 2360 0.049226645366312716 0 0.04974163335972796 0.9974510405919869 0.9966573561276552 0.9908068181399867 0.9825704040890816 0.9587724863359858 0.9150460150864848 0.8379807285585834 0.6939096721023671
237 2370 0.046252583724231175 0 0.06248355235230027 0.9935805382644813 0.9945994470125414 0.9944927791143787 0.9836561929660045 0.9588206779656585 0.9118177735928329 0.8337815813892245 0.6948484236963617
238 2380 0.04218845733366695 0 0.05498535094615038 0.9973991049981535 0.9939122533497422 0.9926033004038157 0.9854594213864816 0.9673771986611461 0.9298752899019859 0.8600764687399738 0.7256837997851866
239 2390 0.04083597084216422 0 0.04494793567889399 0.9956162823874659 0.994469235914436 0.9917059600051591 0.9780233031511071 0.9586592667329242 0.9197351023786074 0.8428909840642732 0.7031629152639691
240 2400 0.03587264168741317 0 0.04646609595102423 0.9965060189403827 0.9950284179708909 0.9929571352541411 0.9790164573121216 0.9566684357456281 0.9131438546436399 0.8333039256371397 0.6900451418530095
241 2410 0.03322724848554501 0 0.039192371940496754 0.9968352295296818 0.9936294150377146 0.9916622230674996 0.9786227671624901 0.960326151879925 0.9231873902826383 0.8496134471289501 0.7164990564111465
242 2420 0.032089042304308875 0 0.04010400349907468 0.9969514243521062 0.9941119841021758 0.9887446551161746 0.9777314240289345 0.955494963362685 0.9106873484273573 0.8317889497610006 0.6923102328546215
243 2430 0.03368347001199471 0 0.0313080589356296 0.9970998848732452 0.9941787672555417 0.9898090865630342 0.9819451615836994 0.9629780021599886 0.9299058521821759 0.864576205909712 0.7406389690886891
244 2440 0.037790315114655554 0 0.03467543578632331 0.9985226530849252 0.9965092537529066 0.9905543149995065 0.9824865207752173 0.9665230569120249 0.9303048825352725 0.871356841698787 0.751637252331359
245 2450 0.03782467751659074 0 0.03944924022589261 0.9980295488040375 0.9948492934565912 0.9929418019482167 0.9856623773544457 0.9679570303793249 0.9374358076286036 0.8770587587167383 0.756457535336944
246 2460 0.036336503232128975 0 0.034138529223116346 0.9970396418848646 0.995764755564641 0.9907522296389412 0.9818084429650688 0.9655697164728002 0.9327514009234904 0.8727667056702634 0.7515152277170891
247 2470 0.035598493108213884 0 0.030026246776468566 1.000553638749294 0.998745550457745 0.9928212874446654 0.9849412284728273 0.9678472799230226 0.9364157725177974 0.8833792784240851 0.7744264055802716
248 2480 0.03449021052262154 0 0.0253275669365184 0.9968705534763562 0.995055231044967 0.9905394586148082 0.9845062447240149 0.9688584381319957 0.9423462414520477 0.8922511397807479 0.7893212585838836
249 2490 0.03665612019183822 0 0.027362161189305102 1.0004659065861627 0.998322158061428 0.9920974023140458 0.9860906151731234 0.9710737754085702 0.9446118010674728 0.9009461431318831 0.806830343664762
250 2500 0.03468152801477358 0 0.02435293524066423 0.9998559952473755 0.9976498965945195 0.9928216677066344 0.9881718177311097 0.9733832204370829 0.9462896319041058 0.9016501928533097 0.8064111307750338
251 2510 0.03263004106155885 0 0.022338477394198572 1.0010790102300096 0.999779079662211 0.9940966898751209 0.9877413570129324 0.9710771002554682 0.9437259470505117 0.8941352923417178 0.7996247331905925
252 2520 0.02962278103114968 0 0.024195603750718633 0.999029903541932 0.996589270175522 0.9928045443650094 0.98271742268469 0.9674307943492052 0.9401864419861166 0.8870207157991011 0.7820275341792438
253 2530 0.02792913397296053 0 0.0231161599868376 0.9989529460313574 0.9976522520439813 0.9939828163348772 0.9873349286560834 0.9691254614603885 0.9423107062797482 0.8917819415393391 0.7921047532289545
254 2540 0.024345476948805397 0 0.022588562592906744 0.997050624744857 0.9961927264523759 0.9917494219017958 0.9841976721557241 0.9680114299795957 0.938689560247192 0.8857824945598313 0.7808204808593843
255 2550 0.02385408973309427 0 0.022211650454006342 0.9974344356144387 0.9955276701529963 0.991843485300308 0.9834006745971996 0.966950126700758 0.9363504474257338 0.8756966542251002 0.7639520157303367
256 2560 0.022964394743867887 0 0.02366395682121295 0.9971885271392504 0.9947858740691008 0.9910008447692565 0.9824989953092285 0.9669303202646921 0.9365992483521943 0.8760797560910619 0.7631826473096471
257 2570 0.022248950744026302 0 0.01899093720227979 0.9960131891858983 0.9949524984712398 0.9923047103349939 0.9861086609659425 0.9726747060474074 0.9473980385700871 0.8983217152963798 0.8015108887856057
258 2580 0.023921337441478556 0 0.018011768347674977 0.996228401331042 0.9953570527786924 0.992780013387684 0.9868001678250223 0.9726703676932305 0.9492889361944657 0.9029501189875595 0.810682699370623
259 2590 0.024842058404062256 0 0.014670352029958079 0.996466800946069 0.9961863721466311 0.9934545306706158 0.9888357030556788 0.976133474139416 0.9555014156555733 0.9132205351409682 0.8296306539026322
260 2600 0.0278902880077792 0 0.012121452943123319 0.9980584659424402 0.9971644956466317 0.9946510689737681 0.9893904241870582 0.9777451803038782 0.9535992516015613 0.9121049028499337 0.8315351808809172
261 2610 0.029789107281567535 0 0.0139853925728913 0.9973335987011933 0.9956128159135422 0.9938124758290793 0.9898421168523958 0.9775728634275942 0.9541073765505651 0.9102297594238509 0.8250557713835147
262 2620 0.032256724212679784 0 0.011268842435458115 1.0004388923210352 0.9986541643909241 0.9944659818045453 0.989170882992372 0.9810070124807582 0.9615181056141937 0.9276541846179182 0.8573346615521221
263 2630 0.03253274306954555 0 0.011181762904072495 1.0015487846671711 1.0002408230632471 0.9968940741462899 0.9909984254931729 0.984161379316684 0.9681909886059332 0.9403763759734459 0.8797861879312872
264 2640 0.029943035499126986 0 0.012698634437990929 0.9999994820927057 0.9984293734583713 0.9967410566666093 0.9927098977062662 0.984282488406738 0.9641092453478626 0.929477019183965 0.8580443124812179
265 2650 0.02812269632826468 0 0.011668055471413249 1.0010239676005417 1.0006771401498216 0.9973745160027463 0.9915947697599402 0.9839860850126666 0.9687694842601409 0.9408852213490253 0.8793939780609272
266 2660 0.02460756064194069 0 0.00882119548162017 0.9992488042560204 0.9989609202418247 0.9952660173009932 0.9913998976382608 0.9818332601009392 0.9669662759169859 0.9367370587100429 0.8739874875214616
267 2670 0.023261311676850267 0 0.010774410739643928 1.0005951472853152 0.9997008923880283 0.9976874631216753 0.9912432716451731 0.9820149981877577 0.9645842807951054 0.935454288010494 0.8738346264574613
268 2680 0.02276369928046273 0 0.00844901524152138 1.0010645091989672 1.0004948344186608 0.9972622881961019 0.9922690462837792 0.9834283768219743 0.9699764192635363 0.9439115600260644 0.891259604884066
269 2690 0.02196685119890387 0 0.006724412171591117 1.0011305354930562 0.9999233156990445 0.9969061708284476 0.9932298819394275 0.9856450030146738 0.9723371947582169 0.9472848429704878 0.894209386910192
270 2700 0.020844541833362557 0 0.005661011845992113 0.999600821870722 0.9989043221272947 0.9969557396847003 0.9925882773059749 0.9842313798233674 0.9687206308364587 0.9395014646925219 0.8811401003592368
271 2710 0.020252841700965994 0 0.005927290703534657 1.0011314632199564 1.0000865202109568 0.9974273326127014 0.9934567961965248 0.9875744380184004 0.9738358388826528 0.9503269116637233 0.9008786391656057
272 2720 0.02044370325094526 0 0.005377066710782934 1.0008397585848483 0.9998543929729755 0.9983994773840916 0.9937193066207987 0.9874992945479616 0.973654286274263 0.949578815173428 0.9013361951472479
273 2730 0.021706573133250695 0 0.00419538002899271 1.0012771442902249 1.0002565946209125 0.9985731943366138 0.995147026915627 0.9903416225630591 0.9821006125038433 0.964523842969369 0.9271205635386491
274 2740 0.021598148095327167 0 0.005485917467052112 1.0008341128078 0.999572017895496 0.9987208680064504 0.9963361637080732 0.9886753604804801 0.9767234919192711 0.9565689725518187 0.9148715605602598
275 2750 0.020950688558557886 0 0.003795029612914334 1.00018439228267 0.9990845108238816 0.9973747339568315 0.9946723014432947 0.9887472768648878 0.9773669236576766 0.9567843959446901 0.912713718414387
276 2760 0.021216307374770843 0 0.003915430380868333 1.0010472463977453 0.9987097266989292 0.9977922858225596 0.9946824888926884 0.9890487227231181 0.9791470317968006 0.9576913361720178 0.9181018172663912
277 2770 0.02114939855705533 0 0.0034753275105444074 0.9999524669561766 0.9986057758337059 0.997151956043376 0.994203079764834 0.9887110388996141 0.9812028669226669 0.9632969075192555 0.9271506998907298
278 2780 0.021030457472219093 0 0.003594675164871515 1.0003705184677785 0.9997293377076729 0.9971521654665789 0.9960156857536215 0.9910197427328326 0.9855985193410505 0.972310914571319 0.9439972425250442
279 2790 0.02127076668271413 0 0.003489717631598898 1.0001826503266675 0.9992100534871264 0.9975802972496192 0.9964711590439314 0.9907716705808434 0.9852005061843211 0.9712434310560847 0.9446326017858966
280 2800 0.0201029638352451 0 0.002685275838151871 1.0008463513158181 0.9987440474301993 0.9978264400822845 0.9973187450019663 0.9932865985375531 0.9886986517443326 0.9762591786198799 0.9530952741501402
281 2810 0.019476730271660542 0 0.0023817517074391716 1.0000407232026125 0.9980755091626112 0.9972928530183376 0.9953120193489104 0.9926310949103383 0.9846519310072737 0.9688013874934202 0.9382723494340601
282 2820 0.018744820675036272 0 0.0016044730053586722 1.0001955334896213 0.998519500392985 0.9978017864962901 0.9966899064271165 0.9946200980232017 0.9913401232595194 0.9824219991826699 0.9643960258225927
283 2830 0.017901798227337718 0 0.0009117393131727118 0.999961038537897 0.9995158363371219 0.9984175729853892 0.9971346904181134 0.9936852906619933 0.9879041457329153 0.975855427085596 0.9520085413935955
284 2840 0.017667627352628206 0 0.0018960880902963563 1.0005332083471583 0.9995407654588776 0.9985436781949973 0.9971394826582437 0.9930940313868456 0.9880734523726807 0.9753997532004771 0.9530446942750279
285 2850 0.01736630454601257 0 0.0016390497206347741 0.9999823463704549 0.9993940479596889 0.9977778922803437 0.9970750203344941 0.9944028634390097 0.990565122773743 0.980089502498477 0.9623423317353166
286 2860 0.01704708829505285 0 0.0011410717205383775 0.9999712270647066 0.999191533050178 0.9985479073871808 0.9978647730937664 0.9962844843471457 0.9930609501815656 0.984610070421803 0.9715077059714036
287 2870 0.01610824953802775 0 0.0015782965780543443 0.9996850770911047 0.9984805299450413 0.9985573209797846 0.9971912802246956 0.9942842883017985 0.9871411454105579 0.9745124163794162 0.9509773731398232
288 2880 0.01557897966797184 0 0.0009110925566001028 0.9994610452978363 0.9993114074250538 0.9982585559514947 0.9969099857311939 0.9949491807059 0.9896803171026322 0.9792575149633364 0.9601949412103543
289 2890 0.013970412452236503 0 0.0010168305272703678 1.0001415209639681 0.9991274656005961 0.9986687783686113 0.9973956189556202 0.995475349062321 0.9917201302180331 0.9825555302952986 0.9637710223999345
290 2900 0.0134268809994868 0 0.0005671393374076716 1.0001531597317173 0.9996707210579973 0.9988060819627205 0.9985744601743939 0.9963207202900775 0.9925394614743094 0.984866850469146 0.9694478495458616
291 2910 0.013912964754534176 0 0.00045807696825483224 0.9997150345468281 0.9994821450512412 0.9987866959588393 0.9986092850912437 0.9967805090008481 0.9943730785142569 0.9882946015977309 0.975965561483134
292 2920 0.015213397689846609 0 0.0004842606984100209 0.9994787371771477 0.9995149923686545 0.9997923013870259 1.000185509385115 0.9995578712823884 1.0001652959828622 0.9999460249564229 0.9985990537085074
293 2930 0.015617715772004851 0 0.00032098743706376334 0.9996325490064276 0.9993475551657696 0.999193312058398 0.9984563107437524 0.9980127553110644 0.9956328282171228 0.9916562450284957 0.9840805440616843
294 2940 0.015574059134551293 0 0.0005871079888784398 0.9994419752268662 0.9993777902100321 0.9997675773947083 0.9989302318765267 0.9976221746202288 0.9940889619781668 0.9884838411903082 0.9760961871181307
295 2950 0.014706369904185666 0 0.0002862033346543428 1.000015152594661 0.9997919122816198 1.0001033758958353 0.9990609275914448 0.9980064843709628 0.9960996058488886 0.991736044585778 0.9838387414761434
296 2960 0.015016390045170799 0 0.0002908434164452647 0.9998965401056746 1.0001424187208987 1.001027161480449 1.0008396734416707 1.0009872142256298 1.0018114195520167 1.0033956755683926 1.0066557191161647
297 2970 0.015077518421096505 0 0.00042272794107824487 0.9998765444159857 0.9995486088981024 0.9993826155966321 0.9993863013095287 0.9995424351624114 0.9976476577042988 0.9961735345522319 0.9920694249407199
298 2980 0.014166001822698216 0 0.00017696543840809846 1.0000679467444398 0.9998984985704803 0.9996156725385703 1.0003066638785292 1.0008713092625348 1.0014103836713402 1.0032372534847447 1.0066859183589896
299 2990 0.013545401637606631 0 0.00020918952314049992 1.0002634883741293 1.0003714331194113 1.0004968967085397 1.0005709008424524 1.0009769050105917 1.0020112439451831 1.0051192753220557 1.0107973204446161
300 3000 0.013018334895084988 0 0.0002678038739619613 1.000235037158727 1.0002464449025268 1.000476853487515 1.001435155313493 1.001903225678957 1.0042050532832287 1.0087671762183177 1.0180355102208534
301 3010 0.01245676930412337 0 0.0001924996050649145 1.000200347895223 0.9998106480038098 0.9999637137121191 1.0002384482954432 0.9996895435517107 0.9996036445675119 1.0000336964681125 1.000143940667804
302 3020 0.01080595757419566 0 0.00017698935284808794 1.000314898646867 0.9998933046953331 0.9999779794507169 1.0006955239166009 1.001290261828182 1.002576982593104 1.0054246644688518 1.010453939591151
303 3030 0.010116897469135126 0 0.00015370953727718268 1.0003563834263904 1.0001259925770913 1.0000020976829223 1.000081093951151 1.0005326292831158 1.0017827921500748 1.0039373559948803 1.0082717956801392
304 3040 0.009403046344066895 0 0.0002935640461899358 1.0005743896415467 1.0001445590314373 0.9998546519855934 1.0002828810004647 1.0009052293769143 1.0021887618067495 1.0050311682566717 1.010732891424695
305 3050 0.008144226028175758 0 0.0002188558170582104 1.000276510502661 0.9998478755886572 1.0001567191199354 1.0005257750305756 1.0011491643587354 1.0027573794162212 1.0063580243834362 1.012893814273836
306 3060 0.0072913891789362925 0 0.00017434604205125763 1.0003605470544235 1.0000989196259744 0.9996642871557979 0.9999199113218944 0.9999133499509218 1.0001644259696558 1.000762506880803 1.0021625584532667
307 3070 0.006576805631838511 0 0.00014628350101650222 1.0004285155395507 1.0000186857105513 0.9999597012791305 1.0001789547558753 1.0001613443975514 1.00088757386823 1.0022065953082322 1.0047080870088598
308 3080 0.006312586287712441 0 0.00012560175125939175 1.0004631034467009 1.000109802349539 0.9999757903633771 1.0000185399684887 0.9999657035868675 1.000290616592778 1.0011746040001828 1.0024994985443558
309 3090 0.005898094737203488 0 8.75595355857117e-05 1.0003903775726564 1.0001378771110954 0.9999419708733027 1.0001731767464501 1.0001271316694589 1.0004829459316753 1.001337696508615 1.0027557148032735
310 3100 0.006037286829629077 0 6.586646356402519e-05 1.0002919912167325 0.9999288234310613 1.000030579874746 1.0001684006855953 1.0006180549924897 1.0012500715046326 1.0025675072925444 1.0050083799363887
311 3110 0.006046324821924098 0 5.573405843840526e-05 1.0002203171719535 1.0000019808701313 0.9999748252526871 0.9999723083778462 0.999777932556624 0.9993591480392717 0.9991759755094327 0.9980768881351542
312 3120 0.005555791853852967 0 5.0912310821835544e-05 1.0002312135384097 1.0001898547299415 1.000009145272082 1.0001469549690127 1.0001949205923821 1.0007702036908042 1.0018191563896546 1.0037341503175283
313 3130 0.005229904366726308 0 3.5185090673333977e-05 1.0001406538767437 1.000123567770167 1.0000007820460504 1.0000766220736137 0.9999534069298175 1.0001393497206792 1.0006482871365854 1.001138206290712
314 3140 0.0060385509925860135 0 2.6952718778986372e-05 0.9998337068693048 0.9998784274910238 0.9999536057072006 1.0000274052321183 0.999750490165449 0.9995546405146131 0.9992922943645832 0.9983983068611477
315 3150 0.0065850881103681706 0 3.966851076625938e-05 1.0000299120135325 0.9999759012975413 1.000119597809693 1.0000121370483708 1.0003189374621202 1.0006948176724466 1.0013556182376457 1.0022722839220952
316 3160 0.006481771992828335 0 2.2977894795950148e-05 1.0000022536131712 0.9999406606651468 0.9998041531122932 0.9997842017463187 0.9999154550000119 1.0000812686941707 1.000150616657156 1.000367148858676
317 3170 0.0064083023136150925 0 2.506788818608203e-05 1.0000318331097304 1.0000930481491985 0.9998616801645491 0.9999489804034086 1.0000150407664954 0.9998035858548229 0.9994493309512852 0.9988997051886004
318 3180 0.005719967289160855 0 1.2523724939675838e-05 0.9998766469249649 0.9999430123396493 1.0000221058887393 0.9999543173039454 1.0000601552212602 1.0000778172477462 1.0001284894814573 1.0000654795486899
319 3190 0.005560726703657329 0 2.531615018449926e-05 1.0000717116551021 1.0002135729109307 1.00024403667136 1.0004168792510078 1.0004542808448176 1.000880486566838 1.0016457920123885 1.0031870826244522
320 3200 0.005135752480900748 0 2.8228353722439565e-05 1.0000243530554935 0.9999604395767552 0.9999628581182128 0.9999223094264812 0.9997382294838192 0.9996014996776746 0.9993270767785022 0.9991273934651882
321 3210 0.004768796100261779 0 1.4337354846567154e-05 1.0001534084211299 1.000111535536065 1.0001312747586957 1.0001668433009998 1.0002577355231161 1.0006574791781395 1.0011998257386632 1.002568927080421
322 3220 0.0042656186125462885 0 2.2088356243339684e-05 1.000160827035007 1.0001901276723308 1.0000667598041029 1.000120025375045 1.0000122259978146 1.000226521268373 1.0003550640553684 1.0006977365905796
323 3230 0.003890860297104639 0 1.3153798154808336e-05 0.9999899612641103 0.9999047063484126 1.0000752759412197 1.0000665904845378 1.0000561724635393 1.0001525217653215 1.00010898561257 1.0001781954647833
324 3240 0.003834154596096884 0 1.4379475578828867e-05 1.000011968494988 0.9999963261582449 0.999915278694603 0.9996485511116611 0.9995371662999006 0.9990907733086127 0.998164413514655 0.9963135384461556
325 3250 0.0034061224862625326 0 1.0382537442919393e-05 1.0000423742363842 1.0000343483588545 1.0000356914495496 1.000086322876778 1.0000315900359313 1.0002870910049364 1.000420907651271 1.00078119098999
326 3260 0.0031192759423980983 0 3.959465072382279e-06 0.9999692827644159 1.0000133991249702 0.9999488678041482 0.9999262535327366 0.9999830288928199 0.9999444741141097 0.9997937853078943 0.9995867537225404
327 3270 0.0028352257967801902 0 4.405881708977288e-06 1.0000180041897828 1.000024487322375 1.000022600100569 1.0000310755790223 1.000220922635036 1.0003822670657414 1.0006932343099983 1.0013381246283188
328 3280 0.0026686461338928835 0 1.0354300163219575e-05 0.9999097683317665 0.9999621348345719 1.0000727063456294 1.0000222629237558 1.0001936853281697 1.0003883034729977 1.000654265327324 1.0013583567315216
329 3290 0.0023988260061837247 0 1.931036296471812e-06 0.9999991502739997 1.0000424444165914 1.0000027407157404 0.9999813835701421 1.0000464500895898 1.0000793885755435 1.00018014814849 1.0004045985711807
330 3300 0.002149465732516343 0 2.0507553656432856e-06 1.000032742769 1.0000563879602546 1.0000097530884797 1.0000010444618534 1.000051096021152 1.0001341721834598 1.0001952059247745 1.000398373658149
331 3310 0.0019924269606011783 0 2.6369302571254567e-06 1.000031405854234 1.0000552840943344 1.000036241703207 0.9999924681676519 1.0000085590282297 1.000009822390165 0.9999195065255473 0.9997788071616067
332 3320 0.0018738684463451842 0 1.3253159489741307e-06 1.0000279011728734 1.0000181188061827 0.9999804807031696 0.9999140673581826 0.9998306415743916 0.9996785884435416 0.9993423151381842 0.9987012591456824
333 3330 0.001883279757539633 0 2.3228387157572084e-06 1.000019843367329 0.9999776220229377 1.000027459868371 1.0000615694623454 1.0001078496341882 1.0002200529893615 1.0003710582414271 1.0008262675723913
334 3340 0.0019440682974883837 0 4.498319737922206e-06 1.0000243727699034 1.0000022171478784 1.0000729703694613 1.0000514561861111 1.0001358994175207 1.00022436134265 1.0003308159529813 1.0007620939226518
335 3350 0.0019130134619100565 0 4.1352200995652725e-06 1.0000275809192893 0.9999763471760186 1.0000626079705717 1.0000415943105307 1.0000278847708712 1.0001086973680982 1.0001876078933523 1.0004689029082443
336 3360 0.0017571091965624117 0 2.7991574922872947e-06 1.0000158437698223 0.9999776601673631 1.0000080480687896 0.9999571831653624 0.999949866185884 0.9999972732183362 0.9999289178935881 0.9999181610230581
337 3370 0.0016600669590054948 0 4.592992926701008e-06 1.000011079466307 1.0000182997793787 1.0000500121733726 0.9999922562972668 0.9999485016627528 0.9999062022262283 0.9996382262656477 0.999307319297101
338 3380 0.0015054344160197334 0 2.7352999823521413e-06 0.9999936337986444 1.0000069386674657 1.0000368481005164 1.000000113804909 0.9999969082614674 1.0000284160460609 0.9999207345203844 0.999876223695298
339 3390 0.0014280666771068604 0 2.666654819864942e-06 1.0000195799472982 1.0000063751217492 1.0000379078524173 0.9999706440767203 0.9998992445000642 0.9998685671760106 0.9996700371464986 0.999303775246216
340 3400 0.0012422351568455998 0 2.206369591605493e-06 1.0000130216113348 0.9999866492221148 1.0000265269270148 1.000012879158499 1.0000032074379583 1.0000571365725626 1.0000626653867422 1.0002265046147387
341 3410 0.0012479825738986536 0 1.672560255087158e-06 1.000017130434014 1.0000011491901941 1.0000123338858755 0.999950282105972 0.9998993696449229 0.9998948723421206 0.9997999736131303 0.9996029381241435
342 3420 0.0012828645327015323 0 1.4419095883531115e-06 0.9999824868247665 0.9999623454158699 0.9999795153593208 0.9999146215887498 0.9999035814975462 0.999853206235917 0.9996877413438832 0.9993835125416903
343 3430 0.001322678416620826 0 7.622385945538447e-07 0.9999921240853384 0.9999698011062472 0.9999960810018437 0.9999888653928674 1.0000396407695669 1.000081873807705 1.0001646567815377 1.0003321141435368
344 3440 0.0014192834424607 0 1.1372644191564583e-06 0.9999715990948441 0.9999842432770366 0.999953433771442 0.9999246574961277 0.9998957861648805 0.9998050600228234 0.999662209736823 0.9993732811371231
345 3450 0.0014209826895547769 0 5.542753491031973e-07 1.0000122602739094 1.00000641231834 0.9999754723523734 0.999957998301002 0.9999636380373553 0.9999327872166651 0.999888069108282 0.999748674555335
346 3460 0.0013414929726920934 0 4.3697026976702343e-07 0.9999812247217388 0.9999736456523546 0.9999973223187671 0.9999826135835377 0.9999689956659983 0.9999193636423215 0.9998648163903247 0.9997127957339579
347 3470 0.0011771744882697775 0 1.2638180512844098e-06 0.9999850538436308 0.9999894945429011 1.0000017154360346 0.9999666050504558 0.9999154722502952 0.9999259931690937 0.9998681453692934 0.9997147067093999
348 3480 0.0011359622171758885 0 5.946473602244931e-07 1.0000059979495413 1.0000149283787965 1.0000035892354642 0.9999968620076725 0.9999706267387916 0.9998915575262287 0.9998234521372611 0.9996384898663608
349 3490 0.001077790555236352 0 4.7162557266109654e-07 0.9999978665780773 0.9999962079800008 0.9999879805186347 1.0000038343029807 1.0000360465166416 1.000041294468603 1.0000736950369045 1.0001026714477224
350 3500 0.0009718345133686886 0 3.628408002796114e-07 0.9999871821215791 0.9999932278965533 0.9999889632304145 1.0000000210794044 1.0000226860902128 1.0000003833109141 0.9999908621376299 0.9999932971325197
351 3510 0.0008463075256332248 0 2.656691070164982e-07 1.0000130120401793 1.0000144494193517 1.0000169246296418 1.000042784300598 1.0000838118253064 1.0001480195106032 1.0002711686750647 1.0005268363485105
352 3520 0.0007798856543685053 0 3.598181861799347e-07 0.9999930053152688 1.0000080673248612 1.00000512477296 1.000011863995814 1.000048248054009 1.0001038139807685 1.000176284528516 1.00032251016753
353 3530 0.0006678688449020405 0 8.0884720399439e-08 0.9999992836208756 1.000003433482029 1.0000014444495298 1.0000025290129275 1.0000155496892609 1.0000412961565903 1.0000608435534466 1.0001182545645186
354 3540 0.0006365595445044994 0 1.6200806789246508e-07 0.9999915933356109 1.000002402848341 0.9999920827247729 0.9999933012472741 0.9999802320340804 0.9999861035304597 0.9999595269633381 0.999930132183555
355 3550 0.0005996008393670198 0 1.489175881470878e-07 1.000004885040542 1.0000135887868544 1.000008193074543 1.0000146073086622 1.0000419825499542 1.0000999527684904 1.0001884076617398 1.0003859403992759
356 3560 0.0005666483002630064 0 1.8158561361958556e-07 0.9999970956526197 1.0000165164607084 1.000009702236988 1.0000099801749198 1.0000268662087923 1.0000414420430483 1.0000890644978584 1.0001597280308774
357 3570 0.0005603075568252832 0 9.583139389822057e-08 1.0000002489484245 1.0000095773542008 1.0000042814586891 1.0000006365912202 1.0000122997708494 1.0000305485973766 1.000075182807739 1.0001633329833062
358 3580 0.0005175325544495327 0 1.0201186635505513e-07 1.0000004103077242 1.000007867753746 0.9999948377009518 0.9999975214017315 0.9999803353073783 0.9999584709321537 0.9999302789847312 0.9998589753363097
359 3590 0.0004619297509626587 0 7.883698411025493e-08 1.000008646786346 1.0000108612957923 1.0000073622078784 1.0000053064279801 1.000009773194938 1.0000058274974437 0.9999975007662253 1.0000026634020287
360 3600 0.00040211490224500426 0 2.4442040698464064e-08 1.0000012262735898 0.9999973183972158 0.9999934936164645 0.9999916349137818 0.9999885861072051 0.999975238660522 0.9999609925123064 0.9999273471461961
361 3610 0.00043024635142365175 0 6.001290040181323e-08 1.0000095377392402 1.0000026141152918 1.0000013495090976 1.0000002992698631 1.0000022452427677 1.0000173131093 1.0000359216102712 1.0000607725122301
362 3620 0.00043395282368629493 0 8.120640800571532e-08 1.0000048678337978 1.0000015742195236 1.000001836711233 0.9999987958656084 1.0000021941443875 1.0000297401848945 1.000062011504292 1.0001226185545524
363 3630 0.0003899295905440635 0 8.97787860642216e-08 1.0000055061209803 1.0000043677477795 1.0000039739446283 1.0000085888644281 1.0000187737313158 1.0000623630652699 1.0001262939322306 1.0002551451032802
364 3640 0.00036823239795757653 0 5.568261530203e-08 1.00000971602045 1.0000083389341414 0.9999993882056794 0.9999964757955362 0.9999913335620314 0.9999879417318002 0.999968740921416 0.9999433427609574
365 3650 0.000337168143102685 0 4.0855521832915146e-08 1.0000058025005287 0.9999984812260672 0.9999998423957974 0.9999946527229114 0.9999960446670421 0.9999883027784546 0.9999656707142713 0.9999344119453605
366 3660 0.0002854488410653415 0 4.61921894177683e-08 1.0000034055307165 0.9999989278692939 0.9999940049510657 0.9999927657926831 0.9999962385561816 1.0000055492116664 1.00000747046933 1.0000227916481523
367 3670 0.0002580786712967064 0 3.380221452142131e-08 1.000008211653234 1.000006172564067 1.0000059085822626 1.000006424385881 1.0000174451425687 1.00003744067393 1.000066564930851 1.0001315759998053
368 3680 0.0002498750249596223 0 1.586120017641813e-08 1.0000045136740625 1.0000026287028458 1.0000015325192528 0.9999959608954325 0.9999973149759344 0.9999967168932168 0.9999941697414335 0.9999840543183736
369 3690 0.00022541110299816223 0 1.9242860089487797e-08 1.0000048703979012 1.0000014034916664 1.0000007679816054 1.0000002386030602 1.0000005322265857 1.000011045817662 1.0000193640245278 1.0000365444509718
370 3700 0.00020460256983750413 0 1.5376250596277027e-08 1.0000042273326728 1.000002760438939 1.0000043573747597 1.0000020268202412 1.000001242408182 1.000009800148652 1.0000209030967766 1.0000443186850916
371 3710 0.0002077029415111949 0 1.5703209972758758e-08 1.0000034826539315 1.0000033635955097 1.0000021438475548 1.0000032807399 1.0000030242070292 1.0000144267632156 1.0000336072312253 1.0000655189388126
372 3720 0.00019385390763781743 0 1.105821071454678e-08 1.0000035008288692 1.0000023444775992 1.0000033089480964 1.0000054779486884 1.0000107016133646 1.0000265299747462 1.0000572109270685 1.0001136407354887
373 3730 0.00018470015203231362 0 1.0296423728207654e-08 1.0000013375059902 1.0000040666735222 1.0000039863901238 1.0000079347523139 1.0000106749546245 1.000018979784194 1.0000340742675686 1.000063813329477
374 3740 0.00016447526203701535 0 4.4098813416372856e-09 1.000000538802764 1.0000025308387395 1.0000022764288683 1.0000044216471122 1.0000096610485614 1.0000209367513342 1.0000442275377455 1.0000889101091321
375 3750 0.00014576246099878514 0 5.919988703898725e-09 1.0000020738599975 1.000003142912668 1.0000017465756434 1.0000007302527576 0.9999999373990093 1.0000011225073644 1.000006938273546 1.0000157141958874
376 3760 0.00014692861399330647 0 3.302082221544429e-09 0.9999989303747346 1.0000005816039523 0.9999994120665179 0.9999978970949954 0.9999995740566604 0.9999988161255959 1.000000277553352 1.0000010215706523
377 3770 0.0001388334523622063 0 2.801167872082597e-09 1.0000011056781772 1.0000000584043967 1.0000003548197847 1.0000013822503042 1.0000059691996668 1.0000129169869738 1.000025009186048 1.0000516460198545
378 3780 0.00012550696005239566 0 2.4380997066918705e-09 1.0000008263519444 1.0000000944801313 1.0000004789562087 0.9999987781998602 1.0000010052598505 1.000000243638661 1.0000019080842157 1.0000037100997792
379 3790 0.00010832853222652924 0 2.4117314553737474e-09 1.0000011438802592 1.0000006543169901 1.00000237585483 1.00000229481936 1.0000043651246002 1.0000059306836244 1.0000100859459355 1.0000214159934384
380 3800 9.83066804062329e-05 0 2.1535568283518793e-09 0.9999998009583579 0.9999989117699158 0.9999997392415514 0.9999979281308138 0.9999974798555455 0.9999935846746542 0.9999878922843499 0.9999786024298125
381 3810 9.386096231310552e-05 0 1.7144227199916005e-09 0.9999999105408625 0.99999882934171 1.0000002993366806 1.0000000547605177 0.9999995101169113 0.9999997082077398 1.0000020036800636 1.000005150673155
382 3820 8.249858934195917e-05 0 1.3477313202642968e-09 1.0000002536877521 0.999999754514657 1.000000620926329 1.0000011146355794 1.0000015668699889 0.9999998298680676 0.999999417606677 0.9999983888201969
383 3830 7.60653084625783e-05 0 1.0185358331906436e-09 0.9999995199369018 1.0000007292743458 1.0000011794908448 1.0000018058869315 1.0000024722792162 1.0000026908963264 1.000005056918273 1.0000102590159101
384 3840 6.922628857872732e-05 0 6.071384018667727e-10 1.0000002325059818 0.9999994531428303 0.9999999933640114 1.000001093593497 1.000002370201182 1.0000041568454077 1.0000079073684782 1.0000169246355153
385 3850 6.248117670514323e-05 0 5.384996048971058e-10 1.0000001219913721 0.9999998149758108 1.0000002011956426 0.9999997976062741 1.0000006361222373 0.9999996935730494 0.999998443204077 0.9999967786475786
386 3860 5.8888018799347844e-05 0 3.393343274664272e-10 1.000000049404092 0.9999996673939477 0.9999995983895839 1.0000001979023148 1.0000016397509726 1.000003240547706 1.0000064011343417 1.000012614169471
387 3870 5.647233355640152e-05 0 3.377542304989686e-10 1.000000146058819 0.9999996360917621 0.999999929154337 1.000000428448048 1.0000007820926187 1.00000254199376 1.0000045615220374 1.0000099437900405
388 3880 5.089392420518803e-05 0 9.175116988826763e-11 1.0000001228936684 0.9999999040108903 1.0000000803721778 0.999999798619799 1.000000113720592 1.000000156483966 0.999999857864323 1.0000000551329522
389 3890 4.439462277783298e-05 0 1.0248425388023923e-10 1.0000004315004491 0.9999999785794116 0.9999998999332226 0.999999695478594 0.9999991579390481 0.9999984279193876 0.9999967639641377 0.9999936452373106
390 3900 3.894038565823889e-05 0 1.7040902307982313e-10 0.9999997944183912 0.9999997860470062 0.9999997889214359 0.9999999691784371 0.9999993928631495 0.9999981307415987 0.9999964248131032 0.999993587211994
391 3910 3.6497542342885316e-05 0 1.0411426709443912e-10 1.0000001679515147 1.000000355729726 0.9999998920123204 0.9999996728897188 0.9999998154287515 0.9999994180900215 0.999998988944633 0.9999977519607485
392 3920 3.57627569425678e-05 0 2.1749551521610652e-10 1.000000108934671 0.9999996908290778 0.9999996298680525 0.9999996049829034 1.000000302486177 1.0000012284761064 1.000002648098281 1.000005210464403
393 3930 3.139281793182745e-05 0 8.844321626508351e-11 0.9999999150214914 0.9999998999080467 0.9999998957548717 0.9999996484181715 0.999999816240834 1.0000003041536913 1.0000009440374282 1.0000018206900898
394 3940 2.7579429840786914e-05 0 1.347720732980798e-10 0.9999998440434551 0.9999997878262625 0.9999998953551428 0.9999999723555257 1.00000059320243 1.000001372605937 1.0000034568504108 1.0000072271796976
395 3950 2.3920442917305613e-05 0 6.425755929094814e-11 0.9999999101670016 0.9999998594284684 0.9999998158960008 1.0000000875210435 1.0000006312819736 1.000001034496066 1.000002209468665 1.0000041363824217
396 3960 2.1316317623622957e-05 0 3.735523291179525e-11 1.0000001330453068 0.999999943396348 0.999999902345857 0.9999998189200109 1.0000000672536022 1.0000003859525768 1.0000007113511997 1.0000013204215605
397 3970 2.0011250190395215e-05 0 1.9843537548057975e-11 0.9999999778566802 0.9999999684707173 1.000000081898242 0.9999999476551091 1.0000000230113664 1.0000003011458825 1.0000004730204173 1.000001116855461
398 3980 1.850801752377913e-05 0 5.074529295614681e-11 1.00000000001814 0.9999998223982489 1.0000000916202427 1.0000003566328717 1.0000006735965385 1.0000014011099125 1.0000027582579327 1.0000051452441423
399 3990 1.6517546890063876e-05 0 1.2665115007452144e-11 0.9999999720224039 1.0000000600320618 1.0000001176274858 1.0000002554074516 1.0000006405837059 1.000001295834892 1.0000025029371573 1.000004946885958
400 4000 1.4469921648111314e-05 0 2.2848237915630073e-11 0.9999998897834403 1.0000000385872352 0.999999944811415 1.0000001415722857 1.0000002428605208 1.0000006971739361 1.0000014730662283 1.0000029275899567
401 4010 1.2782184987882496e-05 0 1.8628015641083834e-11 0.999999968127917 1.0000000452756441 0.9999999476233168 1.0000000755736833 1.000000284417511 1.0000005515572197 1.0000010794663061 1.000002454249064
402 4020 1.1207855366265497e-05 0 1.0391205455764596e-11 0.999999984534491 1.0000000418135246 0.9999998735537896 0.9999999185267637 0.9999999099868446 0.9999999419180603 0.9999999005281579 0.9999998656846015
403 4030 9.465436196663233e-06 0 1.0625222985325533e-11 0.999999931649898 0.9999999139347033 0.9999999204817327 0.9999999782738433 0.999999929938597 1.0000001200868116 1.0000002750156156 1.0000006241105568
404 4040 8.74583283443835e-06 0 9.465636450110783e-12 0.9999999067970821 0.9999999613947921 1.0000000861334084 1.0000000904773672 1.0000002932315297 1.000000468681112 1.0000008982399242 1.000001803461089
405 4050 7.78181347990069e-06 0 5.993335925909365e-12 1.0000000904068411 1.0000000079864455 0.9999999503178666 0.999999915286066 0.9999999092297243 0.9999998623324282 0.9999996117883962 0.9999991713455597
406 4060 7.13519489638057e-06 0 4.5845209369249056e-12 1.0000000600659555 0.9999999752267573 0.9999999779110501 0.9999998862765506 0.9999998508137303 0.9999997613853977 0.9999994545911066 0.9999988780388802
407 4070 6.233198497655281e-06 0 3.234118722141388e-12 1.0000000249015704 1.0000000538181402 1.0000000326531282 0.9999999985477828 1.0000000162316864 0.9999999686285802 0.9999998055860391 0.999999616762355
408 4080 5.690880014360377e-06 0 1.9867088710872025e-12 0.9999999912573215 1.0000000274280965 1.0000000048001243 0.99999994268259 0.9999999500811803 0.9999998437062064 0.9999996472550863 0.9999993124925064
409 4090 5.5007803787128524e-06 0 4.316225587043236e-12 0.999999963532137 1.0000000232037447 1.0000000642783182 1.0000000529800313 0.9999999823266916 0.9999999012619005 0.9999997155097106 0.9999994271347667
410 4100 4.962425547371962e-06 0 2.4751878203150797e-12 0.9999999712759688 0.9999999508542534 0.999999958265989 0.9999999249208209 0.9999998343297434 0.9999995914155528 0.9999991473176507 0.9999982266314555
411 4110 4.570331078131469e-06 0 7.830988306773312e-13 0.9999999730592264 0.9999999989673172 1.00000003495141 1.000000052386171 1.000000074061055 1.0000001296567764 1.0000002342893894 1.0000004434442493
412 4120 3.9741766353166294e-06 0 9.364137985469347e-13 1.00000001868254 0.9999999955227306 1.0000000123788966 0.9999999804296155 0.999999929106078 0.9999998527690294 0.9999997173345813 0.9999993804370988
413 4130 3.6375801645079463e-06 0 9.003668362825028e-13 0.9999999682499462 0.9999999872707148 0.9999999855832556 0.9999999538358171 0.999999897019424 0.9999998101370136 0.9999996841625867 0.99999936124004
414 4140 3.5247326089182528e-06 0 6.208319265598226e-13 1.000000010783243 1.0000000040646806 1.0000000200721095 0.9999999957366912 1.0000000269715328 1.0000000366254742 1.000000116173657 1.000000247306641
415 4150 3.1253498853823083e-06 0 4.626068717215314e-13 1.00000001685258 0.9999999879420054 1.0000000080385862 1.0000000074409787 0.9999999923338203 0.9999999894512991 1.0000000055478102 0.9999999978846222
416 4160 2.9788359586330067e-06 0 4.3073872868085266e-13 1.0000000220056493 0.9999999952461472 0.9999999995341882 0.9999999930489658 0.9999999689714455 0.9999999469516245 0.9999999100869393 0.9999997877577462
417 4170 2.7539276649843556e-06 0 5.692892517686747e-13 1.0000000098729174 0.9999999960141938 0.9999999898742059 0.9999999894589013 1.0000000347906752 1.0000001019255258 1.0000002183636993 1.0000004442199988
418 4180 2.4610045548120183e-06 0 1.3663510741057806e-13 1.000000000606422 0.999999999883124 0.9999999938588281 0.999999994667819 0.9999999747300655 0.9999999613277493 0.9999999478377215 0.9999999112913908
419 4190 2.3581636279986497e-06 0 4.028378175263367e-13 1.0000000015742838 1.0000000045405069 0.9999999934646119 0.9999999998529382 1.000000023488322 1.000000049720487 1.0000001331630384 1.0000002251312534
420 4200 2.0941063939157474e-06 0 1.4257031694104041e-13 0.9999999955999731 0.9999999964449133 0.9999999822194171 0.9999999795735163 0.9999999703599752 0.9999999526932251 0.9999999289983159 0.9999998461882967
421 4210 1.8949976831181615e-06 0 2.6141070716695954e-13 1.0000000002091367 0.9999999997546222 1.0000000125818371 1.0000000069528143 1.0000000049093802 1.0000000060890915 1.0000000566811227 1.000000112373717
422 4220 1.6807468952988313e-06 0 6.866709892739344e-14 1.0000000035086087 1.0000000047418298 1.0000000010639307 0.9999999993570735 0.9999999938696729 0.9999999800936605 0.9999999827525786 0.9999999634725077
423 4230 1.6493463072923286e-06 0 8.207339046346753e-14 1.0000000085939993 0.9999999985438792 0.9999999941500315 0.9999999947035754 0.9999999985382934 0.9999999797955199 0.9999999586344784 0.9999999215080986
424 4240 1.5962858371339537e-06 0 7.554245155091389e-14 1.0000000057999958 1.0000000068550872 1.0000000011156276 1.000000016913368 1.000000026237726 1.0000000389060857 1.0000000750120934 1.0000001448094478
425 4250 1.5482864745799932e-06 0 8.395887575824758e-14 1.0000000089806413 0.9999999995302434 0.9999999914985311 0.9999999930315004 0.9999999847966411 0.9999999782319646 0.9999999444791052 0.999999898027571
426 4260 1.5501887633864355e-06 0 4.7081353651956426e-14 1.0000000013069348 1.000000001935953 1.000000012521668 1.0000000080993328 1.000000014214355 1.0000000239953823 1.0000000414089802 1.0000000866022432
427 4270 1.4384500120497609e-06 0 2.99830580668269e-14 0.9999999946254773 0.9999999944710362 1.000000002575041 1.0000000068473838 1.00000001673371 1.0000000309713888 1.0000000649971805 1.000000131805289
428 4280 1.335788809115876e-06 0 5.111775033698783e-14 0.9999999941275999 1.0000000013035755 1.0000000069845578 1.0000000152843067 1.00000002253116 1.0000000541103085 1.0000001087562762 1.0000002133350703
429 4290 1.1502489644631673e-06 0 4.3156848822430536e-14 0.9999999996196582 0.9999999933015221 1.0000000026626465 1.0000000071038146 1.0000000136202771 1.0000000183188504 1.0000000406656 1.0000000853682616
430 4300 9.892160007054074e-07 0 3.4639227049257376e-14 0.9999999983362272 0.9999999973335715 1.0000000016798378 1.0000000086736125 1.0000000027010125 1.0000000077966755 1.0000000175154344 1.0000000413531338
431 4310 8.353610044627309e-07 0 6.711027146343082e-14 0.999999991856941 0.9999999963561117 0.9999999981834863 1.0000000065727006 1.000000000735647 0.999999998665254 1.000000011716319 1.0000000258202948
432 4320 7.873988834081298e-07 0 2.613374327861699e-14 0.9999999992549559 0.999999998876393 1.0000000007319334 1.0000000053208506 1.0000000143091836 1.0000000340005393 1.0000000700435367 1.000000128778403
433 4330 7.270904580294185e-07 0 1.4949531063158584e-14 1.0000000049240674 0.9999999997581663 0.9999999995541824 0.9999999976451295 0.999999999803624 1.000000001857553 0.9999999994614539 1.0000000002187408
434 4340 7.038865441637034e-07 0 1.919303007905508e-14 1.0000000004139404 0.9999999996049918 1.0000000010032095 1.0000000032562768 0.9999999967485979 0.9999999956113388 0.9999999935403834 0.9999999960052213
435 4350 6.532913163708164e-07 0 2.3722959263304273e-14 1.0000000043402046 0.9999999988869045 1.0000000003388012 0.9999999985732403 0.9999999949998059 0.9999999925455484 0.9999999754086857 0.9999999465284402
436 4360 5.470935786268082e-07 0 1.3517052071138253e-14 1.000000001747226 0.9999999986468802 1.0000000018524065 0.9999999999823529 0.9999999976882915 1.0000000011284504 0.9999999963487453 0.999999994589214
437 4370 5.007679035666409e-07 0 1.2574835880721616e-14 0.9999999981057396 0.9999999982157594 1.0000000021513826 1.0000000039570143 1.000000005668936 1.0000000169157945 1.0000000298469534 1.0000000646438623
437 4370 5.007679035666409e-07 0 1.2574835880721616e-14 0.9999999981057396 0.9999999982157594 1.0000000021513826 1.0000000039570143 1.000000005668936 1.0000000169157945 1.0000000298469534 1.0000000646438623
